4.2500
4.2500
4.2500
4.2500
4.2500
4.2500
4.2500
4.2500
4.2500
4.2500
4.2500
4.2500
5.0000
5.0000
5.0000
5.0000
5.0000
5.0000
5.0000
5.0000
5.0000
5.0000
5.0000
5.0000
4.2500
4.2500
4.2500
4.2500
4.2500
4.2500
4.2500
4.2500
4.2500
4.2500
4.2500
4.2500
5.1667
6.9167
6.9167
6.9167
7.5000
6.9167
5.1667
6.9167
6.9167
5.1667
5.1667
6.9167
6.9167
6.9167
7.5000
6.9167
5.1667
6.9167
6.9167
5.1667
5.1667
6.9167
6.9167
6.9167
7.5000
6.9167
5.1667
6.9167
6.9167
5.1667
5.1667
6.9167
6.9167
6.9167
7.5000
6.9167
5.1667
6.9167
6.9167
5.1667
5.1667
6.9167
6.9167
6.9167
7.5000
6.9167
5.1667
6.9167
6.9167
5.1667
5.1667
6.9167
6.9167
6.9167
7.5000
6.9167
5.1667
6.9167
6.9167
5.1667
5.1667
6.9167
6.9167
6.9167
7.5000
6.9167
5.1667
6.9167
6.9167
5.1667
5.1667
6.9167
6.9167
6.9167
7.5000
6.9167
5.1667
6.9167
6.9167
5.1667
6.3333
9.8333
10.5833
9.8333
6.3333
9.8333
12.0000
12.0000
12.0000
9.8333
10.5833
12.0000
12.0000
12.0000
10.5833
9.8333
12.0000
12.0000
12.0000
9.8333
6.3333
9.8333
10.5833
9.8333
6.3333
6.3333
6.3333
9.8333
9.8333
9.8333
9.8333
9.8333
9.8333
9.8333
9.8333
10.5833
11.2500
10.5833
11.2500
12.0000
11.2500
10.5833
11.2500
10.5833
10.5833
11.2500
10.5833
11.2500
12.0000
11.2500
10.5833
11.2500
10.5833
9.8333
11.2500
11.2500
9.8333
11.2500
12.0000
12.0000
11.2500
11.2500
12.0000
12.0000
11.2500
9.8333
11.2500
11.2500
9.8333
9.8333
11.2500
11.2500
9.8333
11.2500
12.0000
12.0000
11.2500
11.2500
12.0000
12.0000
11.2500
9.8333
11.2500
11.2500
9.8333
