63 
{'Au': 63}
Au	 -4.07825000	 -4.07825000	 -4.07825000
Au	 -4.07825000	 -2.03912500	 -2.03912500
Au	 -2.03912500	 -4.07825000	 -2.03912500
Au	 -2.03912500	 -2.03912500	 -4.07825000
Au	 -4.07825000	 -4.07825000	 -0.00000000
Au	 -4.07825000	 -2.03912500	 2.03912500
Au	 -2.03912500	 -4.07825000	 2.03912500
Au	 -2.03912500	 -2.03912500	 -0.00000000
Au	 -4.07825000	 -4.07825000	 4.07825000
Au	 -2.03912500	 -2.03912500	 4.07825000
Au	 -4.07825000	 -0.00000000	 -4.07825000
Au	 -4.07825000	 2.03912500	 -2.03912500
Au	 -2.03912500	 -0.00000000	 -2.03912500
Au	 -2.03912500	 2.03912500	 -4.07825000
Au	 -4.07825000	 4.07825000	 -4.07825000
Au	 -2.03912500	 4.07825000	 -2.03912500
Au	 -4.07825000	 -0.00000000	 -0.00000000
Au	 -4.07825000	 2.03912500	 2.03912500
Au	 -2.03912500	 -0.00000000	 2.03912500
Au	 -2.03912500	 2.03912500	 -0.00000000
Au	 -4.07825000	 -0.00000000	 4.07825000
Au	 -2.03912500	 2.03912500	 4.07825000
Au	 -4.07825000	 4.07825000	 -0.00000000
Au	 -2.03912500	 4.07825000	 2.03912500
Au	 -4.07825000	 4.07825000	 4.07825000
Au	 -0.00000000	 -4.07825000	 -4.07825000
Au	 -0.00000000	 -2.03912500	 -2.03912500
Au	 2.03912500	 -4.07825000	 -2.03912500
Au	 2.03912500	 -2.03912500	 -4.07825000
Au	 4.07825000	 -4.07825000	 -4.07825000
Au	 4.07825000	 -2.03912500	 -2.03912500
Au	 -0.00000000	 -4.07825000	 -0.00000000
Au	 -0.00000000	 -2.03912500	 2.03912500
Au	 2.03912500	 -4.07825000	 2.03912500
Au	 2.03912500	 -2.03912500	 -0.00000000
Au	 -0.00000000	 -4.07825000	 4.07825000
Au	 2.03912500	 -2.03912500	 4.07825000
Au	 4.07825000	 -4.07825000	 -0.00000000
Au	 4.07825000	 -2.03912500	 2.03912500
Au	 4.07825000	 -4.07825000	 4.07825000
Au	 -0.00000000	 -0.00000000	 -4.07825000
Au	 -0.00000000	 2.03912500	 -2.03912500
Au	 2.03912500	 -0.00000000	 -2.03912500
Au	 2.03912500	 2.03912500	 -4.07825000
Au	 -0.00000000	 4.07825000	 -4.07825000
Au	 2.03912500	 4.07825000	 -2.03912500
Au	 4.07825000	 -0.00000000	 -4.07825000
Au	 4.07825000	 2.03912500	 -2.03912500
Au	 4.07825000	 4.07825000	 -4.07825000
Au	 -0.00000000	 -0.00000000	 -0.00000000
Au	 -0.00000000	 2.03912500	 2.03912500
Au	 2.03912500	 -0.00000000	 2.03912500
Au	 2.03912500	 2.03912500	 -0.00000000
Au	 -0.00000000	 -0.00000000	 4.07825000
Au	 2.03912500	 2.03912500	 4.07825000
Au	 -0.00000000	 4.07825000	 -0.00000000
Au	 2.03912500	 4.07825000	 2.03912500
Au	 -0.00000000	 4.07825000	 4.07825000
Au	 4.07825000	 -0.00000000	 -0.00000000
Au	 4.07825000	 2.03912500	 2.03912500
Au	 4.07825000	 -0.00000000	 4.07825000
Au	 4.07825000	 4.07825000	 -0.00000000
Au	 4.07825000	 4.07825000	 4.07825000
