 INDEX SURFACE/CORE REORDERING -> INITIAL ORDERING
 NAT           65
           1           1
           2           2
           3           3
           4           5
           5           6
           6           7
           7           8
           8           9
           9          11
          10          12
          11          13
          12          14
          13          15
          14          18
          15          19
          16          21
          17          22
          18          23
          19          24
          20          25
          21          26
          22          28
          23          29
          24          30
          25          31
          26          32
          27          34
          28          36
          29          37
          30          38
          31          39
          32          40
          33          41
          34          43
          35          45
          36          46
          37          47
          38          48
          39          49
          40          51
          41          53
          42          54
          43          57
          44          58
          45          60
          46          61
          47          62
          48          63
          49          64
          50          65
          51          59
          52          56
          53          55
          54          52
          55          50
          56          44
          57          42
          58          35
          59          33
          60          27
          61          20
          62          17
          63          16
          64          10
          65           4
 POLYGONS. AFTER SURFACE/CORE REORDERING
 NPOLYG234:         240
 2       2    1
 2       3    1
 2       3    2
 2       5    4
 2       6    2
 2       6    3
 2       6    4
 2       7    4
 2       7    5
 2       7    6
 2       8    3
 2       8    6
 2       8    7
 2      10    9
 2      11    5
 2      11    7
 2      11    9
 2      12    9
 2      12   10
 2      12   11
 2      13    7
 2      13    8
 2      13   11
 2      13   12
 2      15   14
 2      16   10
 2      16   12
 2      16   14
 2      17   14
 2      17   15
 2      17   16
 2      18    1
 2      18    3
 2      18   15
 2      18   17
 2      19   12
 2      19   13
 2      19   16
 2      19   17
 2      20    3
 2      20    8
 2      20   17
 2      20   18
 2      20   19
 2      21    8
 2      21   13
 2      21   19
 2      21   20
 2      22    1
 2      22    2
 2      23    1
 2      23   22
 2      24    2
 2      24   22
 2      24   23
 2      25   23
 2      25   24
 2      26    2
 2      26    4
 2      26    6
 2      26   24
 2      27    4
 2      27    5
 2      28    4
 2      28   26
 2      28   27
 2      29    5
 2      29   27
 2      29   28
 2      30   24
 2      30   25
 2      30   26
 2      30   28
 2      31   28
 2      31   29
 2      31   30
 2      32   25
 2      32   30
 2      32   31
 2      33    5
 2      33    9
 2      33   11
 2      33   29
 2      34    9
 2      34   10
 2      35    9
 2      35   33
 2      35   34
 2      36   10
 2      36   34
 2      36   35
 2      37   29
 2      37   31
 2      37   33
 2      37   35
 2      38   35
 2      38   36
 2      38   37
 2      39   31
 2      39   32
 2      39   37
 2      39   38
 2      40   10
 2      40   14
 2      40   16
 2      40   36
 2      41    1
 2      41   15
 2      41   18
 2      41   23
 2      42   14
 2      42   15
 2      43   14
 2      43   40
 2      43   42
 2      44   15
 2      44   41
 2      44   42
 2      44   43
 2      45   36
 2      45   38
 2      45   40
 2      45   43
 2      46   43
 2      46   44
 2      46   45
 2      47   23
 2      47   25
 2      47   41
 2      47   44
 2      47   46
 2      48   38
 2      48   39
 2      48   45
 2      48   46
 2      49   25
 2      49   32
 2      49   46
 2      49   47
 2      49   48
 2      50   32
 2      50   39
 2      50   48
 2      50   49
 3       2    1    3
 3       2    1   22
 3       3    1   18
 3       3    2    6
 3       5    4    7
 3       5    4   27
 3       6    2   26
 3       6    3    8
 3       6    4    7
 3       6    4   26
 3       7    5   11
 3       7    6    8
 3       8    3   20
 3       8    7   13
 3      10    9   12
 3      10    9   34
 3      11    5   33
 3      11    7   13
 3      11    9   12
 3      11    9   33
 3      12   10   16
 3      12   11   13
 3      13    8   21
 3      13   12   19
 3      15   14   17
 3      15   14   42
 3      16   10   40
 3      16   12   19
 3      16   14   17
 3      16   14   40
 3      17   15   18
 3      17   16   19
 3      18    1   41
 3      18    3   20
 3      18   15   41
 3      18   17   20
 3      19   13   21
 3      19   17   20
 3      20    8   21
 3      20   19   21
 3      22    1   23
 3      22    2   24
 3      23    1   41
 3      23   22   24
 3      24    2   26
 3      24   23   25
 3      25   23   47
 3      25   24   30
 3      26    4   28
 3      26   24   30
 3      27    4   28
 3      27    5   29
 3      28   26   30
 3      28   27   29
 3      29    5   33
 3      29   28   31
 3      30   25   32
 3      30   28   31
 3      31   29   37
 3      31   30   32
 3      32   25   49
 3      32   31   39
 3      33    9   35
 3      33   29   37
 3      34    9   35
 3      34   10   36
 3      35   33   37
 3      35   34   36
 3      36   10   40
 3      36   35   38
 3      37   31   39
 3      37   35   38
 3      38   36   45
 3      38   37   39
 3      39   32   50
 3      39   38   48
 3      40   14   43
 3      40   36   45
 3      41   15   44
 3      41   23   47
 3      42   14   43
 3      42   15   44
 3      43   40   45
 3      43   42   44
 3      44   41   47
 3      44   43   46
 3      45   38   48
 3      45   43   46
 3      46   44   47
 3      46   45   48
 3      47   25   49
 3      47   46   49
 3      48   39   50
 3      48   46   49
 3      49   32   50
 3      49   48   50
 POLYGONS. INITIAL NUMBERING
 NPOLYG234:         240
 2       2    1
 2       3    1
 2       3    2
 2       6    5
 2       7    2
 2       7    3
 2       7    5
 2       8    5
 2       8    6
 2       8    7
 2       9    3
 2       9    7
 2       9    8
 2      12   11
 2      13    6
 2      13    8
 2      13   11
 2      14   11
 2      14   12
 2      14   13
 2      15    8
 2      15    9
 2      15   13
 2      15   14
 2      19   18
 2      21   12
 2      21   14
 2      21   18
 2      22   18
 2      22   19
 2      22   21
 2      23    1
 2      23    3
 2      23   19
 2      23   22
 2      24   14
 2      24   15
 2      24   21
 2      24   22
 2      25    3
 2      25    9
 2      25   22
 2      25   23
 2      25   24
 2      26    9
 2      26   15
 2      26   24
 2      26   25
 2      28    1
 2      28    2
 2      29    1
 2      29   28
 2      30    2
 2      30   28
 2      30   29
 2      31   29
 2      31   30
 2      32    2
 2      32    5
 2      32    7
 2      32   30
 2      34    5
 2      34    6
 2      36    5
 2      36   32
 2      36   34
 2      37    6
 2      37   34
 2      37   36
 2      38   30
 2      38   31
 2      38   32
 2      38   36
 2      39   36
 2      39   37
 2      39   38
 2      40   31
 2      40   38
 2      40   39
 2      41    6
 2      41   11
 2      41   13
 2      41   37
 2      43   11
 2      43   12
 2      45   11
 2      45   41
 2      45   43
 2      46   12
 2      46   43
 2      46   45
 2      47   37
 2      47   39
 2      47   41
 2      47   45
 2      48   45
 2      48   46
 2      48   47
 2      49   39
 2      49   40
 2      49   47
 2      49   48
 2      51   12
 2      51   18
 2      51   21
 2      51   46
 2      53    1
 2      53   19
 2      53   23
 2      53   29
 2      54   18
 2      54   19
 2      57   18
 2      57   51
 2      57   54
 2      58   19
 2      58   53
 2      58   54
 2      58   57
 2      60   46
 2      60   48
 2      60   51
 2      60   57
 2      61   57
 2      61   58
 2      61   60
 2      62   29
 2      62   31
 2      62   53
 2      62   58
 2      62   61
 2      63   48
 2      63   49
 2      63   60
 2      63   61
 2      64   31
 2      64   40
 2      64   61
 2      64   62
 2      64   63
 2      65   40
 2      65   49
 2      65   63
 2      65   64
 3       2    1    3
 3       2    1   28
 3       3    1   23
 3       3    2    7
 3       6    5    8
 3       6    5   34
 3       7    2   32
 3       7    3    9
 3       7    5    8
 3       7    5   32
 3       8    6   13
 3       8    7    9
 3       9    3   25
 3       9    8   15
 3      12   11   14
 3      12   11   43
 3      13    6   41
 3      13    8   15
 3      13   11   14
 3      13   11   41
 3      14   12   21
 3      14   13   15
 3      15    9   26
 3      15   14   24
 3      19   18   22
 3      19   18   54
 3      21   12   51
 3      21   14   24
 3      21   18   22
 3      21   18   51
 3      22   19   23
 3      22   21   24
 3      23    1   53
 3      23    3   25
 3      23   19   53
 3      23   22   25
 3      24   15   26
 3      24   22   25
 3      25    9   26
 3      25   24   26
 3      28    1   29
 3      28    2   30
 3      29    1   53
 3      29   28   30
 3      30    2   32
 3      30   29   31
 3      31   29   62
 3      31   30   38
 3      32    5   36
 3      32   30   38
 3      34    5   36
 3      34    6   37
 3      36   32   38
 3      36   34   37
 3      37    6   41
 3      37   36   39
 3      38   31   40
 3      38   36   39
 3      39   37   47
 3      39   38   40
 3      40   31   64
 3      40   39   49
 3      41   11   45
 3      41   37   47
 3      43   11   45
 3      43   12   46
 3      45   41   47
 3      45   43   46
 3      46   12   51
 3      46   45   48
 3      47   39   49
 3      47   45   48
 3      48   46   60
 3      48   47   49
 3      49   40   65
 3      49   48   63
 3      51   18   57
 3      51   46   60
 3      53   19   58
 3      53   29   62
 3      54   18   57
 3      54   19   58
 3      57   51   60
 3      57   54   58
 3      58   53   62
 3      58   57   61
 3      60   48   63
 3      60   57   61
 3      61   58   62
 3      61   60   63
 3      62   31   64
 3      62   61   64
 3      63   49   65
 3      63   61   64
 3      64   40   65
 3      64   63   65
 POLYGONS. INITIAL NUMBERING. This is for pyPolyhedra
 NPOLYG234:         240
( 1, 0,
( 2, 0,
( 2, 1,
( 5, 4,
( 6, 1,
( 6, 2,
( 6, 4,
( 7, 4,
( 7, 5,
( 7, 6,
( 8, 2,
( 8, 6,
( 8, 7,
( 11, 10,
( 12, 5,
( 12, 7,
( 12, 10,
( 13, 10,
( 13, 11,
( 13, 12,
( 14, 7,
( 14, 8,
( 14, 12,
( 14, 13,
( 18, 17,
( 20, 11,
( 20, 13,
( 20, 17,
( 21, 17,
( 21, 18,
( 21, 20,
( 22, 0,
( 22, 2,
( 22, 18,
( 22, 21,
( 23, 13,
( 23, 14,
( 23, 20,
( 23, 21,
( 24, 2,
( 24, 8,
( 24, 21,
( 24, 22,
( 24, 23,
( 25, 8,
( 25, 14,
( 25, 23,
( 25, 24,
( 27, 0,
( 27, 1,
( 28, 0,
( 28, 27,
( 29, 1,
( 29, 27,
( 29, 28,
( 30, 28,
( 30, 29,
( 31, 1,
( 31, 4,
( 31, 6,
( 31, 29,
( 33, 4,
( 33, 5,
( 35, 4,
( 35, 31,
( 35, 33,
( 36, 5,
( 36, 33,
( 36, 35,
( 37, 29,
( 37, 30,
( 37, 31,
( 37, 35,
( 38, 35,
( 38, 36,
( 38, 37,
( 39, 30,
( 39, 37,
( 39, 38,
( 40, 5,
( 40, 10,
( 40, 12,
( 40, 36,
( 42, 10,
( 42, 11,
( 44, 10,
( 44, 40,
( 44, 42,
( 45, 11,
( 45, 42,
( 45, 44,
( 46, 36,
( 46, 38,
( 46, 40,
( 46, 44,
( 47, 44,
( 47, 45,
( 47, 46,
( 48, 38,
( 48, 39,
( 48, 46,
( 48, 47,
( 50, 11,
( 50, 17,
( 50, 20,
( 50, 45,
( 52, 0,
( 52, 18,
( 52, 22,
( 52, 28,
( 53, 17,
( 53, 18,
( 56, 17,
( 56, 50,
( 56, 53,
( 57, 18,
( 57, 52,
( 57, 53,
( 57, 56,
( 59, 45,
( 59, 47,
( 59, 50,
( 59, 56,
( 60, 56,
( 60, 57,
( 60, 59,
( 61, 28,
( 61, 30,
( 61, 52,
( 61, 57,
( 61, 60,
( 62, 47,
( 62, 48,
( 62, 59,
( 62, 60,
( 63, 30,
( 63, 39,
( 63, 60,
( 63, 61,
( 63, 62,
( 64, 39,
( 64, 48,
( 64, 62,
( 64, 63,
( 1, 0, 2,
( 1, 0, 27,
( 2, 0, 22,
( 2, 1, 6,
( 5, 4, 7,
( 5, 4, 33,
( 6, 1, 31,
( 6, 2, 8,
( 6, 4, 7,
( 6, 4, 31,
( 7, 5, 12,
( 7, 6, 8,
( 8, 2, 24,
( 8, 7, 14,
( 11, 10, 13,
( 11, 10, 42,
( 12, 5, 40,
( 12, 7, 14,
( 12, 10, 13,
( 12, 10, 40,
( 13, 11, 20,
( 13, 12, 14,
( 14, 8, 25,
( 14, 13, 23,
( 18, 17, 21,
( 18, 17, 53,
( 20, 11, 50,
( 20, 13, 23,
( 20, 17, 21,
( 20, 17, 50,
( 21, 18, 22,
( 21, 20, 23,
( 22, 0, 52,
( 22, 2, 24,
( 22, 18, 52,
( 22, 21, 24,
( 23, 14, 25,
( 23, 21, 24,
( 24, 8, 25,
( 24, 23, 25,
( 27, 0, 28,
( 27, 1, 29,
( 28, 0, 52,
( 28, 27, 29,
( 29, 1, 31,
( 29, 28, 30,
( 30, 28, 61,
( 30, 29, 37,
( 31, 4, 35,
( 31, 29, 37,
( 33, 4, 35,
( 33, 5, 36,
( 35, 31, 37,
( 35, 33, 36,
( 36, 5, 40,
( 36, 35, 38,
( 37, 30, 39,
( 37, 35, 38,
( 38, 36, 46,
( 38, 37, 39,
( 39, 30, 63,
( 39, 38, 48,
( 40, 10, 44,
( 40, 36, 46,
( 42, 10, 44,
( 42, 11, 45,
( 44, 40, 46,
( 44, 42, 45,
( 45, 11, 50,
( 45, 44, 47,
( 46, 38, 48,
( 46, 44, 47,
( 47, 45, 59,
( 47, 46, 48,
( 48, 39, 64,
( 48, 47, 62,
( 50, 17, 56,
( 50, 45, 59,
( 52, 18, 57,
( 52, 28, 61,
( 53, 17, 56,
( 53, 18, 57,
( 56, 50, 59,
( 56, 53, 57,
( 57, 52, 61,
( 57, 56, 60,
( 59, 47, 62,
( 59, 56, 60,
( 60, 57, 61,
( 60, 59, 62,
( 61, 30, 63,
( 61, 60, 63,
( 62, 48, 64,
( 62, 60, 63,
( 63, 39, 64,
( 63, 62, 64,
