 INDEX SURFACE/CORE REORDERING -> INITIAL ORDERING & CONNECTIVITY
 NAT           59          44          15
           1           1           7
           2           2           7
           3           3          10
           4           5           7
           5           6           7
           6           7           7
           7           8          10
           8           9           7
           9          11           7
          10          12           7
          11          13           7
          12          14          10
          13          15           7
          14          18           7
          15          19           7
          16          21           7
          17          22          10
          18          23           7
          19          24           7
          20          25           7
          21          27           7
          22          28           7
          23          29          10
          24          30          10
          25          33           7
          26          34           7
          27          35           7
          28          36          10
          29          37           7
          30          38          10
          31          41           7
          32          42           7
          33          43           7
          34          44          10
          35          45           7
          36          47          10
          37          49          10
          38          52           7
          39          53           7
          40          55           7
          41          56          10
          42          57           7
          43          58           7
          44          59           7
          45          54          13
          46          51          14
          47          50          14
          48          48          13
          49          46          14
          50          40          14
          51          39          13
          52          32          14
          53          31          13
          54          26          13
          55          20          13
          56          17          14
          57          16          14
          58          10          14
          59           4          14
 CONNECTIVITY OF SURFACE ATOMS. AFTER SURFACE/CORE REORDERING
   1 T  7       2    3   18   21   37   54   56
   2 T  7       1    3    6   22   24   54   59
   3 T 10       1    2    6    8   18   20   54   55   56   59
   4 F  7       5    6    7   24   25   53   59
   5 T  7       4    7   11   26   30   53   58
   6 T  7       2    3    4    7    8   24   59
   7 T 10       4    5    6    8   11   13   53   55   58   59
   8 T  7       3    6    7   13   20   55   59
   9 T  7      10   11   12   30   31   51   58
  10 F  7       9   12   16   32   36   51   57
  11 T  7       5    7    9   12   13   30   58
  12 T 10       9   10   11   13   16   19   51   55   57   58
  13 T  7       7    8   11   12   19   55   58
  14 T  7      15   16   17   36   38   48   57
  15 T  7      14   17   18   37   39   48   56
  16 F  7      10   12   14   17   19   36   57
  17 F 10      14   15   16   18   19   20   48   55   56   57
  18 T  7       1    3   15   17   20   37   56
  19 T  7      12   13   16   17   20   55   57
  20 F  7       3    8   17   18   19   55   56
  21 T  7       1   22   23   37   42   46   54
  22 T  7       2   21   23   24   27   52   54
  23 T 10      21   22   27   29   42   44   45   46   52   54
  24 T 10       2    4    6   22   25   27   52   53   54   59
  25 T  7       4   24   26   27   28   52   53
  26 F  7       5   25   28   30   33   50   53
  27 T  7      22   23   24   25   28   29   52
  28 T 10      25   26   27   29   33   35   45   50   52   53
  29 T  7      23   27   28   35   44   45   52
  30 T 10       5    9   11   26   31   33   50   51   53   58
  31 F  7       9   30   32   33   34   50   51
  32 F  7      10   31   34   36   40   47   51
  33 T  7      26   28   30   31   34   35   50
  34 T 10      31   32   33   35   40   43   45   47   50   51
  35 T  7      28   29   33   34   43   45   50
  36 T 10      10   14   16   32   38   40   47   48   51   57
  37 T 10       1   15   18   21   39   42   46   48   54   56
  38 T  7      14   36   39   40   41   47   48
  39 F  7      15   37   38   41   42   46   48
  40 F  7      32   34   36   38   41   43   47
  41 T 10      38   39   40   42   43   44   45   46   47   48
  42 T  7      21   23   37   39   41   44   46
  43 T  7      34   35   40   41   44   45   47
  44 T  7      23   29   41   42   43   45   46
  45 T 13      23   28   29   34   35   41   43   44   46   47   49   50   52
  46 F 14      21   23   37   39   41   42   44   45   47   48   49   52   54   56
  47 T 14      32   34   36   38   40   41   43   45   46   48   49   50   51   57
  48 F 13      14   15   17   36   37   38   39   41   46   47   49   56   57
  49 T 14      45   46   47   48   50   51   52   53   54   55   56   57   58   59
  50 F 14      26   28   30   31   33   34   35   45   47   49   51   52   53   58
  51 F 13       9   10   12   30   31   32   34   36   47   49   50   57   58
  52 T 14      22   23   24   25   27   28   29   45   46   49   50   53   54   59
  53 T 13       4    5    7   24   25   26   28   30   49   50   52   58   59
  54 F 13       1    2    3   21   22   23   24   37   46   49   52   56   59
  55 T 13       3    7    8   12   13   17   19   20   49   56   57   58   59
  56 T 14       1    3   15   17   18   20   37   46   48   49   54   55   57   59
  57 T 14      10   12   14   16   17   19   36   47   48   49   51   55   56   58
  58 T 14       5    7    9   11   12   13   30   49   50   51   53   55   57   59
  59 T 14       2    3    4    6    7    8   24   49   52   53   54   55   56   58
 CONNECTIVITY. INITIAL NUMBERING
   1 T  7       2    3   23   27   49   26   17
   2 T  7       1    3    7   28   30   26    4
   3 T 10       1    2    7    9   23   25   26   20   17    4
   5 T  7       6    7    8   30   33   31    4
   6 T  7       5    8   13   34   38   31   10
   7 T  7       2    3    5    8    9   30    4
   8 T 10       5    6    7    9   13   15   31   20   10    4
   9 T  7       3    7    8   15   25   20    4
  11 T  7      12   13   14   38   41   39   10
  12 T  7      11   14   21   42   47   39   16
  13 T  7       6    8   11   14   15   38   10
  14 T 10      11   12   13   15   21   24   39   20   16   10
  15 T  7       8    9   13   14   24   20   10
  18 T  7      19   21   22   47   52   48   16
  19 T  7      18   22   23   49   53   48   17
  21 T  7      12   14   18   22   24   47   16
  22 T 10      18   19   21   23   24   25   48   20   17   16
  23 T  7       1    3   19   22   25   49   17
  24 T  7      14   15   21   22   25   20   16
  25 T  7       3    9   22   23   24   20   17
  27 T  7       1   28   29   49   57   51   26
  28 T  7       2   27   29   30   35   32   26
  29 T 10      27   28   35   37   57   59   54   51   32   26
  30 T 10       2    5    7   28   33   35   32   31   26    4
  33 T  7       5   30   34   35   36   32   31
  34 T  7       6   33   36   38   43   40   31
  35 T  7      28   29   30   33   36   37   32
  36 T 10      33   34   35   37   43   45   54   40   32   31
  37 T  7      29   35   36   45   59   54   32
  38 T 10       6   11   13   34   41   43   40   39   31   10
  41 T  7      11   38   42   43   44   40   39
  42 T  7      12   41   44   47   55   50   39
  43 T  7      34   36   38   41   44   45   40
  44 T 10      41   42   43   45   55   58   54   50   40   39
  45 T  7      36   37   43   44   58   54   40
  47 T 10      12   18   21   42   52   55   50   48   39   16
  49 T 10       1   19   23   27   53   57   51   48   26   17
  52 T  7      18   47   53   55   56   50   48
  53 T  7      19   49   52   56   57   51   48
  55 T  7      42   44   47   52   56   58   50
  56 T 10      52   53   55   57   58   59   54   51   50   48
  57 T  7      27   29   49   53   56   59   51
  58 T  7      44   45   55   56   59   54   50
  59 T  7      29   37   56   57   58   54   51
  54 F 13      29   36   37   44   45   56   58   59   51   50   46   40   32
  51 F 14      27   29   49   53   56   57   59   54   50   48   46   32   26   17
  50 F 14      42   44   47   52   55   56   58   54   51   48   46   40   39   16
  48 F 13      18   19   22   47   49   52   53   56   51   50   46   17   16
  46 F 14      54   51   50   48   40   39   32   31   26   20   17   16   10    4
  40 F 14      34   36   38   41   43   44   45   54   50   46   39   32   31   10
  39 F 13      11   12   14   38   41   42   44   47   50   46   40   16   10
  32 F 14      28   29   30   33   35   36   37   54   51   46   40   31   26    4
  31 F 13       5    6    8   30   33   34   36   38   46   40   32   10    4
  26 F 13       1    2    3   27   28   29   30   49   51   46   32   17    4
  20 F 13       3    8    9   14   15   22   24   25   46   17   16   10    4
  17 F 14       1    3   19   22   23   25   49   51   48   46   26   20   16    4
  16 F 14      12   14   18   21   22   24   47   50   48   46   39   20   17   10
  10 F 14       6    8   11   13   14   15   38   46   40   39   31   20   16    4
   4 F 14       2    3    5    7    8    9   30   46   32   31   26   20   17   10
