 INDEX SURFACE/CORE REORDERING -> INITIAL ORDERING & CONNECTIVITY
 NAT           65          50          15
           1           1           8
           2           2           8
           3           3          10
           4           5           8
           5           6           8
           6           7           7
           7           8          10
           8           9           8
           9          11           8
          10          12           8
          11          13           7
          12          14          10
          13          15           8
          14          18           8
          15          19           8
          16          21           7
          17          22          10
          18          23           7
          19          24           8
          20          25           8
          21          26           5
          22          28           5
          23          29           8
          24          30           8
          25          31          10
          26          32          10
          27          34           5
          28          36           8
          29          37           8
          30          38           7
          31          39          10
          32          40           8
          33          41          10
          34          43           5
          35          45           8
          36          46           8
          37          47           7
          38          48          10
          39          49           8
          40          51          10
          41          53          10
          42          54           5
          43          57           8
          44          58           8
          45          60           7
          46          61          10
          47          62           7
          48          63           8
          49          64           8
          50          65           5
          51          59          14
          52          56          14
          53          55          14
          54          52          14
          55          50          14
          56          44          14
          57          42          14
          58          35          14
          59          33          14
          60          27          14
          61          20          14
          62          17          14
          63          16          14
          64          10          14
          65           4          14
 CONNECTIVITY OF SURFACE ATOMS. AFTER SURFACE/CORE REORDERING
   1 T  8       2    3   18   22   23   41   60   62
   2 T  8       1    3    6   22   24   26   60   65
   3 T 10       1    2    6    8   18   20   60   61   62   65
   4 F  8       5    6    7   26   27   28   59   65
   5 T  8       4    7   11   27   29   33   59   64
   6 T  7       2    3    4    7    8   26   65
   7 T 10       4    5    6    8   11   13   59   61   64   65
   8 T  8       3    6    7   13   20   21   61   65
   9 T  8      10   11   12   33   34   35   57   64
  10 F  8       9   12   16   34   36   40   57   63
  11 T  7       5    7    9   12   13   33   64
  12 T 10       9   10   11   13   16   19   57   61   63   64
  13 T  8       7    8   11   12   19   21   61   64
  14 T  8      15   16   17   40   42   43   54   63
  15 T  8      14   17   18   41   42   44   54   62
  16 F  7      10   12   14   17   19   40   63
  17 F 10      14   15   16   18   19   20   54   61   62   63
  18 T  7       1    3   15   17   20   41   62
  19 T  8      12   13   16   17   20   21   61   63
  20 F  8       3    8   17   18   19   21   61   62
  21 T  5       8   13   19   20   61
  22 T  5       1    2   23   24   60
  23 T  8       1   22   24   25   41   47   52   60
  24 T  8       2   22   23   25   26   30   58   60
  25 T 10      23   24   30   32   47   49   51   52   58   60
  26 T 10       2    4    6   24   28   30   58   59   60   65
  27 F  5       4    5   28   29   59
  28 T  8       4   26   27   29   30   31   58   59
  29 T  8       5   27   28   31   33   37   56   59
  30 T  7      24   25   26   28   31   32   58
  31 T 10      28   29   30   32   37   39   51   56   58   59
  32 T  8      25   30   31   39   49   50   51   58
  33 F 10       5    9   11   29   35   37   56   57   59   64
  34 T  5       9   10   35   36   57
  35 F  8       9   33   34   36   37   38   56   57
  36 T  8      10   34   35   38   40   45   53   57
  37 T  7      29   31   33   35   38   39   56
  38 T 10      35   36   37   39   45   48   51   53   56   57
  39 T  8      31   32   37   38   48   50   51   56
  40 T 10      10   14   16   36   43   45   53   54   57   63
  41 T 10       1   15   18   23   44   47   52   54   60   62
  42 F  5      14   15   43   44   54
  43 T  8      14   40   42   44   45   46   53   54
  44 F  8      15   41   42   43   46   47   52   54
  45 T  7      36   38   40   43   46   48   53
  46 T 10      43   44   45   47   48   49   51   52   53   54
  47 T  7      23   25   41   44   46   49   52
  48 T  8      38   39   45   46   49   50   51   53
  49 T  8      25   32   46   47   48   50   51   52
  50 F  5      32   39   48   49   51
  51 T 14      25   31   32   38   39   46   48   49   50   52   53   55   56   58
  52 F 14      23   25   41   44   46   47   49   51   53   54   55   58   60   62
  53 T 14      36   38   40   43   45   46   48   51   52   54   55   56   57   63
  54 T 14      14   15   17   40   41   42   43   44   46   52   53   55   62   63
  55 F 14      51   52   53   54   56   57   58   59   60   61   62   63   64   65
  56 F 14      29   31   33   35   37   38   39   51   53   55   57   58   59   64
  57 T 14       9   10   12   33   34   35   36   38   40   53   55   56   63   64
  58 T 14      24   25   26   28   30   31   32   51   52   55   56   59   60   65
  59 F 14       4    5    7   26   27   28   29   31   33   55   56   58   64   65
  60 T 14       1    2    3   22   23   24   25   26   41   52   55   58   62   65
  61 T 14       3    7    8   12   13   17   19   20   21   55   62   63   64   65
  62 T 14       1    3   15   17   18   20   41   52   54   55   60   61   63   65
  63 T 14      10   12   14   16   17   19   40   53   54   55   57   61   62   64
  64 T 14       5    7    9   11   12   13   33   55   56   57   59   61   63   65
  65 T 14       2    3    4    6    7    8   26   55   58   59   60   61   62   64
 CONNECTIVITY. INITIAL NUMBERING
   1 T  8       2    3   23   28   29   53   27   17
   2 T  8       1    3    7   28   30   32   27    4
   3 T 10       1    2    7    9   23   25   27   20   17    4
   5 T  8       6    7    8   32   34   36   33    4
   6 T  8       5    8   13   34   37   41   33   10
   7 T  7       2    3    5    8    9   32    4
   8 T 10       5    6    7    9   13   15   33   20   10    4
   9 T  8       3    7    8   15   25   26   20    4
  11 T  8      12   13   14   41   43   45   42   10
  12 T  8      11   14   21   43   46   51   42   16
  13 T  7       6    8   11   14   15   41   10
  14 T 10      11   12   13   15   21   24   42   20   16   10
  15 T  8       8    9   13   14   24   26   20   10
  18 T  8      19   21   22   51   54   57   52   16
  19 T  8      18   22   23   53   54   58   52   17
  21 T  7      12   14   18   22   24   51   16
  22 T 10      18   19   21   23   24   25   52   20   17   16
  23 T  7       1    3   19   22   25   53   17
  24 T  8      14   15   21   22   25   26   20   16
  25 T  8       3    9   22   23   24   26   20   17
  26 T  5       9   15   24   25   20
  28 T  5       1    2   29   30   27
  29 T  8       1   28   30   31   53   62   56   27
  30 T  8       2   28   29   31   32   38   35   27
  31 T 10      29   30   38   40   62   64   59   56   35   27
  32 T 10       2    5    7   30   36   38   35   33   27    4
  34 T  5       5    6   36   37   33
  36 T  8       5   32   34   37   38   39   35   33
  37 T  8       6   34   36   39   41   47   44   33
  38 T  7      30   31   32   36   39   40   35
  39 T 10      36   37   38   40   47   49   59   44   35   33
  40 T  8      31   38   39   49   64   65   59   35
  41 T 10       6   11   13   37   45   47   44   42   33   10
  43 T  5      11   12   45   46   42
  45 T  8      11   41   43   46   47   48   44   42
  46 T  8      12   43   45   48   51   60   55   42
  47 T  7      37   39   41   45   48   49   44
  48 T 10      45   46   47   49   60   63   59   55   44   42
  49 T  8      39   40   47   48   63   65   59   44
  51 T 10      12   18   21   46   57   60   55   52   42   16
  53 T 10       1   19   23   29   58   62   56   52   27   17
  54 T  5      18   19   57   58   52
  57 T  8      18   51   54   58   60   61   55   52
  58 T  8      19   53   54   57   61   62   56   52
  60 T  7      46   48   51   57   61   63   55
  61 T 10      57   58   60   62   63   64   59   56   55   52
  62 T  7      29   31   53   58   61   64   56
  63 T  8      48   49   60   61   64   65   59   55
  64 T  8      31   40   61   62   63   65   59   56
  65 T  5      40   49   63   64   59
  59 F 14      31   39   40   48   49   61   63   64   65   56   55   50   44   35
  56 F 14      29   31   53   58   61   62   64   59   55   52   50   35   27   17
  55 F 14      46   48   51   57   60   61   63   59   56   52   50   44   42   16
  52 F 14      18   19   22   51   53   54   57   58   61   56   55   50   17   16
  50 F 14      59   56   55   52   44   42   35   33   27   20   17   16   10    4
  44 F 14      37   39   41   45   47   48   49   59   55   50   42   35   33   10
  42 F 14      11   12   14   41   43   45   46   48   51   55   50   44   16   10
  35 F 14      30   31   32   36   38   39   40   59   56   50   44   33   27    4
  33 F 14       5    6    8   32   34   36   37   39   41   50   44   35   10    4
  27 F 14       1    2    3   28   29   30   31   32   53   56   50   35   17    4
  20 F 14       3    8    9   14   15   22   24   25   26   50   17   16   10    4
  17 F 14       1    3   19   22   23   25   53   56   52   50   27   20   16    4
  16 F 14      12   14   18   21   22   24   51   55   52   50   42   20   17   10
  10 F 14       6    8   11   13   14   15   41   50   44   42   33   20   16    4
   4 F 14       2    3    5    7    8    9   32   50   35   33   27   20   17   10
