           9
           9
           6
           6
           8
          12
           8
           8
           8
           4
           9
           9
           6
           6
           8
          12
           8
           8
           8
           4
           9
           9
           6
           6
           8
          12
           8
           8
           8
           4
           9
           9
           6
           6
           6
          12
          12
           6
           8
          12
           8
           8
           8
           4
           8
          12
           8
           9
           9
           6
           8
           8
           6
           4
