   7.0127445912899802     
   7.0127446677008436     
   7.0127446677008436     
   7.0127446677008400     
   7.0127446677008560     
   7.0127446677008383     
   7.0127446677008560     
   7.0127446677008383     
   7.0127446677008560     
   7.0127446677008383     
   7.0127445912899775     
   7.0127437794020544     
   7.0127438557998705     
   7.0127438557998705     
   7.0127438557998776     
   7.0127438557998767     
   7.0127438557998740     
   7.0127438557998767     
   7.0127438557998740     
   7.0127438557998767     
   7.0127438557998740     
   7.0127437794020562     
   7.0127445913733713     
   7.0127446677842435     
   7.0127446677842435     
   7.0127446677842409     
   7.0127446677842418     
   7.0127446677842329     
   7.0127446677842418     
   7.0127446677842329     
   7.0127446677842418     
   7.0127446677842329     
   7.0127445913733650     
   11.012732033972584     
   11.012732110158176     
   11.012732110158176     
   11.012732110158197     
   11.012732110158181     
   11.012732110158192     
   11.012732110158181     
   11.012732110158192     
   11.012732110158181     
   11.012732110158192     
   11.012732033972583     
   12.019110303239266     
   12.019110379564024     
   12.019110379564024     
   12.019110379564040     
   12.019110379564044     
   12.019110379564044     
   12.019110379564044     
   12.019110379564044     
   12.019110379564044     
   12.019110379564044     
   12.019110303239279     
   11.012732033728414     
   11.012732109914005     
   11.012732109914005     
   11.012732109914026     
   11.012732109914017     
   11.012732109914019     
   11.012732109914017     
   11.012732109914019     
   11.012732109914017     
   11.012732109914019     
   11.012732033728415     
   7.0127437794854472     
   7.0127438558832758     
   7.0127438558832758     
   7.0127438558832722     
   7.0127438558832731     
   7.0127438558832704     
   7.0127438558832731     
   7.0127438558832704     
   7.0127438558832731     
   7.0127438558832704     
   7.0127437794854446     
   7.0127445913733766     
   7.0127446677842435     
   7.0127446677842435     
   7.0127446677842471     
   7.0127446677842480     
   7.0127446677842391     
   7.0127446677842480     
   7.0127446677842391     
   7.0127446677842480     
   7.0127446677842391     
   7.0127445913733801     
   11.012732033972584     
   11.012732110158176     
   11.012732110158176     
   11.012732110158197     
   11.012732110158181     
   11.012732110158190     
   11.012732110158181     
   11.012732110158190     
   11.012732110158181     
   11.012732110158190     
   11.012732033972583     
   12.019110303322572     
   12.019110379647309     
   12.019110379647309     
   12.019110379647339     
   12.019110379647316     
   12.019110379647319     
   12.019110379647316     
   12.019110379647319     
   12.019110379647316     
   12.019110379647319     
   12.019110303322568     
   12.019110303433632     
   12.019110379758382     
   12.019110379758382     
   12.019110379758427     
   12.019110379758416     
   12.019110379758397     
   12.019110379758416     
   12.019110379758397     
   12.019110379758416     
   12.019110379758397     
   12.019110303433639     
   12.019110303433637     
   12.019110379758416     
   12.019110379758416     
   12.019110379758432     
   12.019110379758409     
   12.019110379758416     
   12.019110379758409     
   12.019110379758416     
   12.019110379758409     
   12.019110379758416     
   12.019110303433658     
   12.019110303322574     
   12.019110379647350     
   12.019110379647350     
   12.019110379647344     
   12.019110379647353     
   12.019110379647337     
   12.019110379647353     
   12.019110379647337     
   12.019110379647353     
   12.019110379647337     
   12.019110303322591     
   11.012732033728390     
   11.012732109913983     
   11.012732109913983     
   11.012732109914014     
   11.012732109913998     
   11.012732109913991     
   11.012732109913998     
   11.012732109913991     
   11.012732109913998     
   11.012732109913991     
   11.012732033728406     
   7.0127437794854535     
   7.0127438558832775     
   7.0127438558832775     
   7.0127438558832687     
   7.0127438558832793     
   7.0127438558832811     
   7.0127438558832793     
   7.0127438558832811     
   7.0127438558832793     
   7.0127438558832811     
   7.0127437794854499     
   7.0063639674186504     
   7.0063640435379355     
   7.0063640435379355     
   7.0063640435379479     
   7.0063640435379364     
   7.0063640435379462     
   7.0063640435379364     
   7.0063640435379462     
   7.0063640435379364     
   7.0063640435379462     
   7.0063639674186415     
   11.012732033972576     
   11.012732110158181     
   11.012732110158181     
   11.012732110158199     
   11.012732110158185     
   11.012732110158185     
   11.012732110158185     
   11.012732110158185     
   11.012732110158185     
   11.012732110158185     
   11.012732033972577     
   12.019110303322552     
   12.019110379647339     
   12.019110379647339     
   12.019110379647355     
   12.019110379647342     
   12.019110379647334     
   12.019110379647342     
   12.019110379647334     
   12.019110379647342     
   12.019110379647334     
   12.019110303322595     
   12.019110303433642     
   12.019110379758407     
   12.019110379758407     
   12.019110379758414     
   12.019110379758414     
   12.019110379758420     
   12.019110379758414     
   12.019110379758420     
   12.019110379758414     
   12.019110379758420     
   12.019110303433646     
   12.019110303433646     
   12.019110379758386     
   12.019110379758386     
   12.019110379758430     
   12.019110379758429     
   12.019110379758413     
   12.019110379758429     
   12.019110379758413     
   12.019110379758429     
   12.019110379758413     
   12.019110303433649     
   12.019110303433623     
   12.019110379758398     
   12.019110379758398     
   12.019110379758416     
   12.019110379758406     
   12.019110379758413     
   12.019110379758406     
   12.019110379758413     
   12.019110379758406     
   12.019110379758413     
   12.019110303433644     
   12.019110303433640     
   12.019110379758406     
   12.019110379758406     
   12.019110379758409     
   12.019110379758409     
   12.019110379758393     
   12.019110379758409     
   12.019110379758393     
   12.019110379758409     
   12.019110379758393     
   12.019110303433648     
   12.019110303433635     
   12.019110379758398     
   12.019110379758398     
   12.019110379758409     
   12.019110379758409     
   12.019110379758391     
   12.019110379758409     
   12.019110379758391     
   12.019110379758409     
   12.019110379758391     
   12.019110303433642     
   12.019110303322572     
   12.019110379647334     
   12.019110379647334     
   12.019110379647358     
   12.019110379647328     
   12.019110379647369     
   12.019110379647328     
   12.019110379647369     
   12.019110379647328     
   12.019110379647369     
   12.019110303322563     
   11.012732033728387     
   11.012732109913989     
   11.012732109913989     
   11.012732109914021     
   11.012732109913983     
   11.012732109914017     
   11.012732109913983     
   11.012732109914017     
   11.012732109913983     
   11.012732109914017     
   11.012732033728392     
   7.0063641400761618     
   7.0063642161824831     
   7.0063642161824831     
   7.0063642161824760     
   7.0063642161824804     
   7.0063642161824795     
   7.0063642161824804     
   7.0063642161824795     
   7.0063642161824804     
   7.0063642161824795     
   7.0063641400761565     
   7.0063639674186549     
   7.0063640435379551     
   7.0063640435379551     
   7.0063640435379462     
   7.0063640435379559     
   7.0063640435379391     
   7.0063640435379559     
   7.0063640435379391     
   7.0063640435379559     
   7.0063640435379391     
   7.0063639674186433     
   12.019110303239291     
   12.019110379564040     
   12.019110379564040     
   12.019110379564072     
   12.019110379564047     
   12.019110379564058     
   12.019110379564047     
   12.019110379564058     
   12.019110379564047     
   12.019110379564058     
   12.019110303239284     
   12.019110303433649     
   12.019110379758427     
   12.019110379758427     
   12.019110379758434     
   12.019110379758432     
   12.019110379758429     
   12.019110379758432     
   12.019110379758429     
   12.019110379758432     
   12.019110379758429     
   12.019110303433658     
   12.019110303433628     
   12.019110379758402     
   12.019110379758402     
   12.019110379758434     
   12.019110379758420     
   12.019110379758413     
   12.019110379758420     
   12.019110379758413     
   12.019110379758420     
   12.019110379758413     
   12.019110303433658     
   12.019110303433649     
   12.019110379758427     
   12.019110379758427     
   12.019110379758434     
   12.019110379758432     
   12.019110379758429     
   12.019110379758432     
   12.019110379758429     
   12.019110379758432     
   12.019110379758429     
   12.019110303433658     
   12.019110303433649     
   12.019110379758398     
   12.019110379758398     
   12.019110379758430     
   12.019110379758406     
   12.019110379758398     
   12.019110379758406     
   12.019110379758398     
   12.019110379758406     
   12.019110379758398     
   12.019110303433639     
   12.019110303433667     
   12.019110379758427     
   12.019110379758427     
   12.019110379758420     
   12.019110379758430     
   12.019110379758416     
   12.019110379758430     
   12.019110379758416     
   12.019110379758430     
   12.019110379758416     
   12.019110303433672     
   12.019110303433633     
   12.019110379758382     
   12.019110379758382     
   12.019110379758391     
   12.019110379758395     
   12.019110379758388     
   12.019110379758395     
   12.019110379758388     
   12.019110379758395     
   12.019110379758388     
   12.019110303433640     
   12.019110303433642     
   12.019110379758404     
   12.019110379758404     
   12.019110379758422     
   12.019110379758384     
   12.019110379758416     
   12.019110379758384     
   12.019110379758416     
   12.019110379758384     
   12.019110379758416     
   12.019110303433635     
   12.019110303433621     
   12.019110379758384     
   12.019110379758384     
   12.019110379758416     
   12.019110379758381     
   12.019110379758411     
   12.019110379758381     
   12.019110379758411     
   12.019110379758381     
   12.019110379758411     
   12.019110303433628     
   12.019110303239302     
   12.019110379564051     
   12.019110379564051     
   12.019110379564070     
   12.019110379564058     
   12.019110379564101     
   12.019110379564058     
   12.019110379564101     
   12.019110379564058     
   12.019110379564101     
   12.019110303239312     
   7.0063641400761902     
   7.0063642161825150     
   7.0063642161825150     
   7.0063642161825053     
   7.0063642161825159     
   7.0063642161825168     
   7.0063642161825159     
   7.0063642161825168     
   7.0063642161825159     
   7.0063642161825168     
   7.0063641400761867     
   11.012732469729038     
   11.012732545914645     
   11.012732545914645     
   11.012732545914663     
   11.012732545914659     
   11.012732545914657     
   11.012732545914659     
   11.012732545914657     
   11.012732545914659     
   11.012732545914657     
   11.012732469729027     
   12.019110303433649     
   12.019110379758404     
   12.019110379758404     
   12.019110379758420     
   12.019110379758407     
   12.019110379758430     
   12.019110379758407     
   12.019110379758430     
   12.019110379758407     
   12.019110379758430     
   12.019110303433667     
   12.019110303433646     
   12.019110379758423     
   12.019110379758423     
   12.019110379758439     
   12.019110379758443     
   12.019110379758434     
   12.019110379758443     
   12.019110379758434     
   12.019110379758443     
   12.019110379758434     
   12.019110303433665     
   12.019110303433649     
   12.019110379758398     
   12.019110379758398     
   12.019110379758430     
   12.019110379758406     
   12.019110379758398     
   12.019110379758406     
   12.019110379758398     
   12.019110379758406     
   12.019110379758398     
   12.019110303433639     
   12.019110303433649     
   12.019110379758397     
   12.019110379758397     
   12.019110379758429     
   12.019110379758430     
   12.019110379758409     
   12.019110379758430     
   12.019110379758409     
   12.019110379758430     
   12.019110379758409     
   12.019110303433655     
   12.019110303433635     
   12.019110379758402     
   12.019110379758402     
   12.019110379758404     
   12.019110379758406     
   12.019110379758388     
   12.019110379758406     
   12.019110379758388     
   12.019110379758406     
   12.019110379758388     
   12.019110303433632     
   12.019110303433642     
   12.019110379758398     
   12.019110379758398     
   12.019110379758402     
   12.019110379758402     
   12.019110379758388     
   12.019110379758402     
   12.019110379758388     
   12.019110379758402     
   12.019110379758388     
   12.019110303433639     
   12.019110303433648     
   12.019110379758395     
   12.019110379758395     
   12.019110379758441     
   12.019110379758391     
   12.019110379758423     
   12.019110379758391     
   12.019110379758423     
   12.019110379758391     
   12.019110379758423     
   12.019110303433628     
   12.019110303433642     
   12.019110379758382     
   12.019110379758382     
   12.019110379758409     
   12.019110379758388     
   12.019110379758406     
   12.019110379758388     
   12.019110379758406     
   12.019110379758388     
   12.019110379758406     
   12.019110303433623     
   12.019110303433639     
   12.019110379758391     
   12.019110379758391     
   12.019110379758420     
   12.019110379758413     
   12.019110379758441     
   12.019110379758413     
   12.019110379758441     
   12.019110379758413     
   12.019110379758441     
   12.019110303433651     
   11.012733048089114     
   11.012733124274737     
   11.012733124274737     
   11.012733124274755     
   11.012733124274755     
   11.012733124274764     
   11.012733124274755     
   11.012733124274764     
   11.012733124274755     
   11.012733124274764     
   11.012733048089132     
   7.0127450279103876     
   7.0127451043212732     
   7.0127451043212732     
   7.0127451043212794     
   7.0127451043212812     
   7.0127451043212758     
   7.0127451043212812     
   7.0127451043212758     
   7.0127451043212812     
   7.0127451043212758     
   7.0127450279103876     
   12.019110303322554     
   12.019110379647316     
   12.019110379647316     
   12.019110379647357     
   12.019110379647323     
   12.019110379647341     
   12.019110379647323     
   12.019110379647341     
   12.019110379647323     
   12.019110379647341     
   12.019110303322549     
   12.019110303433658     
   12.019110379758418     
   12.019110379758418     
   12.019110379758423     
   12.019110379758423     
   12.019110379758430     
   12.019110379758423     
   12.019110379758430     
   12.019110379758423     
   12.019110379758430     
   12.019110303433649     
   12.019110303433663     
   12.019110379758420     
   12.019110379758420     
   12.019110379758436     
   12.019110379758423     
   12.019110379758430     
   12.019110379758423     
   12.019110379758430     
   12.019110379758423     
   12.019110379758430     
   12.019110303433662     
   12.019110303433649     
   12.019110379758427     
   12.019110379758427     
   12.019110379758434     
   12.019110379758432     
   12.019110379758429     
   12.019110379758432     
   12.019110379758429     
   12.019110379758432     
   12.019110379758429     
   12.019110303433658     
   12.019110303433649     
   12.019110379758398     
   12.019110379758398     
   12.019110379758418     
   12.019110379758406     
   12.019110379758384     
   12.019110379758406     
   12.019110379758384     
   12.019110379758406     
   12.019110379758384     
   12.019110303433639     
   12.019110303433642     
   12.019110379758398     
   12.019110379758398     
   12.019110379758400     
   12.019110379758402     
   12.019110379758395     
   12.019110379758402     
   12.019110379758395     
   12.019110379758402     
   12.019110379758395     
   12.019110303433639     
   12.019110303433648     
   12.019110379758390     
   12.019110379758390     
   12.019110379758423     
   12.019110379758398     
   12.019110379758430     
   12.019110379758398     
   12.019110379758430     
   12.019110379758398     
   12.019110379758430     
   12.019110303433637     
   12.019110303433640     
   12.019110379758381     
   12.019110379758381     
   12.019110379758411     
   12.019110379758388     
   12.019110379758416     
   12.019110379758388     
   12.019110379758416     
   12.019110379758388     
   12.019110379758416     
   12.019110303433614     
   12.019110303433632     
   12.019110379758398     
   12.019110379758398     
   12.019110379758416     
   12.019110379758407     
   12.019110379758407     
   12.019110379758407     
   12.019110379758407     
   12.019110379758407     
   12.019110379758407     
   12.019110303433640     
   12.019110303322613     
   12.019110379647374     
   12.019110379647374     
   12.019110379647378     
   12.019110379647371     
   12.019110379647397     
   12.019110379647371     
   12.019110379647397     
   12.019110379647371     
   12.019110379647397     
   12.019110303322618     
   7.0127447953640623     
   7.0127448717619369     
   7.0127448717619369     
   7.0127448717619494     
   7.0127448717619396     
   7.0127448717619467     
   7.0127448717619396     
   7.0127448717619467     
   7.0127448717619396     
   7.0127448717619467     
   7.0127447953640791     
   11.012732469729047     
   11.012732545914654     
   11.012732545914654     
   11.012732545914684     
   11.012732545914655     
   11.012732545914677     
   11.012732545914655     
   11.012732545914677     
   11.012732545914655     
   11.012732545914677     
   11.012732469729048     
   12.019110303433665     
   12.019110379758416     
   12.019110379758416     
   12.019110379758436     
   12.019110379758425     
   12.019110379758445     
   12.019110379758425     
   12.019110379758445     
   12.019110379758425     
   12.019110379758445     
   12.019110303433672     
   12.019110303433656     
   12.019110379758398     
   12.019110379758398     
   12.019110379758429     
   12.019110379758409     
   12.019110379758423     
   12.019110379758409     
   12.019110379758423     
   12.019110379758409     
   12.019110379758423     
   12.019110303433663     
   12.019110303433658     
   12.019110379758418     
   12.019110379758418     
   12.019110379758423     
   12.019110379758423     
   12.019110379758430     
   12.019110379758423     
   12.019110379758430     
   12.019110379758423     
   12.019110379758430     
   12.019110303433649     
   12.019110303433667     
   12.019110379758420     
   12.019110379758420     
   12.019110379758427     
   12.019110379758423     
   12.019110379758420     
   12.019110379758423     
   12.019110379758420     
   12.019110379758423     
   12.019110379758420     
   12.019110303433665     
   12.019110303433612     
   12.019110379758386     
   12.019110379758386     
   12.019110379758406     
   12.019110379758409     
   12.019110379758381     
   12.019110379758409     
   12.019110379758381     
   12.019110379758409     
   12.019110379758381     
   12.019110303433632     
   12.019110303433649     
   12.019110379758388     
   12.019110379758388     
   12.019110379758416     
   12.019110379758395     
   12.019110379758436     
   12.019110379758395     
   12.019110379758436     
   12.019110379758395     
   12.019110379758436     
   12.019110303433628     
   12.019110303433640     
   12.019110379758391     
   12.019110379758391     
   12.019110379758432     
   12.019110379758400     
   12.019110379758416     
   12.019110379758400     
   12.019110379758416     
   12.019110379758400     
   12.019110379758416     
   12.019110303433623     
   12.019110303433660     
   12.019110379758422     
   12.019110379758422     
   12.019110379758441     
   12.019110379758413     
   12.019110379758439     
   12.019110379758413     
   12.019110379758439     
   12.019110379758413     
   12.019110379758439     
   12.019110303433649     
   12.019110303433640     
   12.019110379758406     
   12.019110379758406     
   12.019110379758422     
   12.019110379758404     
   12.019110379758422     
   12.019110379758404     
   12.019110379758422     
   12.019110379758404     
   12.019110379758422     
   12.019110303433653     
   11.012733048089114     
   11.012733124274735     
   11.012733124274735     
   11.012733124274744     
   11.012733124274753     
   11.012733124274753     
   11.012733124274753     
   11.012733124274753     
   11.012733124274753     
   11.012733124274753     
   11.012733048089130     
   7.0127450279103840     
   7.0127451043212776     
   7.0127451043212776     
   7.0127451043212821     
   7.0127451043212838     
   7.0127451043212794     
   7.0127451043212838     
   7.0127451043212794     
   7.0127451043212838     
   7.0127451043212794     
   7.0127450279103840     
   12.019110303322579     
   12.019110379647357     
   12.019110379647357     
   12.019110379647373     
   12.019110379647360     
   12.019110379647366     
   12.019110379647360     
   12.019110379647366     
   12.019110379647360     
   12.019110379647366     
   12.019110303322588     
   12.019110303433663     
   12.019110379758427     
   12.019110379758427     
   12.019110379758434     
   12.019110379758432     
   12.019110379758438     
   12.019110379758432     
   12.019110379758438     
   12.019110379758432     
   12.019110379758438     
   12.019110303433669     
   12.019110303433665     
   12.019110379758416     
   12.019110379758416     
   12.019110379758436     
   12.019110379758425     
   12.019110379758445     
   12.019110379758425     
   12.019110379758445     
   12.019110379758425     
   12.019110379758445     
   12.019110303433672     
   12.019110303433656     
   12.019110379758398     
   12.019110379758398     
   12.019110379758416     
   12.019110379758409     
   12.019110379758400     
   12.019110379758409     
   12.019110379758400     
   12.019110379758409     
   12.019110379758400     
   12.019110303433663     
   12.019110303433642     
   12.019110379758388     
   12.019110379758388     
   12.019110379758409     
   12.019110379758423     
   12.019110379758398     
   12.019110379758423     
   12.019110379758398     
   12.019110379758423     
   12.019110379758398     
   12.019110303433646     
   12.019110303433630     
   12.019110379758406     
   12.019110379758406     
   12.019110379758425     
   12.019110379758391     
   12.019110379758434     
   12.019110379758391     
   12.019110379758434     
   12.019110379758391     
   12.019110379758434     
   12.019110303433628     
   12.019110303433619     
   12.019110379758375     
   12.019110379758375     
   12.019110379758393     
   12.019110379758393     
   12.019110379758422     
   12.019110379758393     
   12.019110379758422     
   12.019110379758393     
   12.019110379758422     
   12.019110303433630     
   12.019110303433632     
   12.019110379758398     
   12.019110379758398     
   12.019110379758429     
   12.019110379758407     
   12.019110379758425     
   12.019110379758407     
   12.019110379758425     
   12.019110379758407     
   12.019110379758425     
   12.019110303433633     
   12.019110303433624     
   12.019110379758404     
   12.019110379758404     
   12.019110379758423     
   12.019110379758423     
   12.019110379758429     
   12.019110379758423     
   12.019110379758429     
   12.019110379758423     
   12.019110379758429     
   12.019110303433662     
   12.019110303322611     
   12.019110379647358     
   12.019110379647358     
   12.019110379647369     
   12.019110379647371     
   12.019110379647387     
   12.019110379647371     
   12.019110379647387     
   12.019110379647371     
   12.019110379647387     
   12.019110303322620     
   7.0127447953640800     
   7.0127448717619547     
   7.0127448717619547     
   7.0127448717619378     
   7.0127448717619441     
   7.0127448717619503     
   7.0127448717619441     
   7.0127448717619503     
   7.0127448717619441     
   7.0127448717619503     
   7.0127447953640747     
   11.012732469729038     
   11.012732545914643     
   11.012732545914643     
   11.012732545914661     
   11.012732545914648     
   11.012732545914668     
   11.012732545914648     
   11.012732545914668     
   11.012732545914648     
   11.012732545914668     
   11.012732469729036     
   12.019110303433674     
   12.019110379758413     
   12.019110379758413     
   12.019110379758443     
   12.019110379758430     
   12.019110379758438     
   12.019110379758430     
   12.019110379758438     
   12.019110379758430     
   12.019110379758438     
   12.019110303433676     
   12.019110303433674     
   12.019110379758413     
   12.019110379758413     
   12.019110379758443     
   12.019110379758430     
   12.019110379758438     
   12.019110379758430     
   12.019110379758438     
   12.019110379758430     
   12.019110379758438     
   12.019110303433676     
   12.019110303433667     
   12.019110379758427     
   12.019110379758427     
   12.019110379758420     
   12.019110379758432     
   12.019110379758416     
   12.019110379758432     
   12.019110379758416     
   12.019110379758432     
   12.019110379758416     
   12.019110303433672     
   12.019110303433628     
   12.019110379758390     
   12.019110379758390     
   12.019110379758388     
   12.019110379758402     
   12.019110379758384     
   12.019110379758402     
   12.019110379758384     
   12.019110379758402     
   12.019110379758384     
   12.019110303433648     
   12.019110303433656     
   12.019110379758409     
   12.019110379758409     
   12.019110379758429     
   12.019110379758390     
   12.019110379758436     
   12.019110379758390     
   12.019110379758436     
   12.019110379758390     
   12.019110379758436     
   12.019110303433639     
   12.019110303433637     
   12.019110379758388     
   12.019110379758388     
   12.019110379758416     
   12.019110379758398     
   12.019110379758427     
   12.019110379758398     
   12.019110379758427     
   12.019110379758398     
   12.019110379758427     
   12.019110303433628     
   12.019110303433651     
   12.019110379758407     
   12.019110379758407     
   12.019110379758425     
   12.019110379758393     
   12.019110379758420     
   12.019110379758393     
   12.019110379758420     
   12.019110379758393     
   12.019110379758420     
   12.019110303433649     
   12.019110303433660     
   12.019110379758422     
   12.019110379758422     
   12.019110379758441     
   12.019110379758413     
   12.019110379758439     
   12.019110379758413     
   12.019110379758439     
   12.019110379758413     
   12.019110379758439     
   12.019110303433649     
   12.019110303433639     
   12.019110379758407     
   12.019110379758407     
   12.019110379758427     
   12.019110379758404     
   12.019110379758416     
   12.019110379758404     
   12.019110379758416     
   12.019110379758404     
   12.019110379758416     
   12.019110303433649     
   11.012733048089117     
   11.012733124274737     
   11.012733124274737     
   11.012733124274755     
   11.012733124274755     
   11.012733124274753     
   11.012733124274755     
   11.012733124274753     
   11.012733124274755     
   11.012733124274753     
   11.012733048089132     
   7.0127450278269956     
   7.0127451042378892     
   7.0127451042378892     
   7.0127451042378937     
   7.0127451042378954     
   7.0127451042378848     
   7.0127451042378954     
   7.0127451042378848     
   7.0127451042378954     
   7.0127451042378848     
   7.0127450278270080     
   12.019110303239293     
   12.019110379564072     
   12.019110379564072     
   12.019110379564090     
   12.019110379564074     
   12.019110379564081     
   12.019110379564074     
   12.019110379564081     
   12.019110379564074     
   12.019110379564081     
   12.019110303239305     
   12.019110303433642     
   12.019110379758406     
   12.019110379758406     
   12.019110379758434     
   12.019110379758407     
   12.019110379758416     
   12.019110379758407     
   12.019110379758416     
   12.019110379758407     
   12.019110379758416     
   12.019110303433646     
   12.019110303433667     
   12.019110379758427     
   12.019110379758427     
   12.019110379758420     
   12.019110379758430     
   12.019110379758416     
   12.019110379758430     
   12.019110379758416     
   12.019110379758430     
   12.019110379758416     
   12.019110303433672     
   12.019110303433632     
   12.019110379758372     
   12.019110379758372     
   12.019110379758391     
   12.019110379758393     
   12.019110379758388     
   12.019110379758393     
   12.019110379758388     
   12.019110379758393     
   12.019110379758388     
   12.019110303433653     
   12.019110303433646     
   12.019110379758398     
   12.019110379758398     
   12.019110379758420     
   12.019110379758398     
   12.019110379758430     
   12.019110379758398     
   12.019110379758430     
   12.019110379758398     
   12.019110379758430     
   12.019110303433635     
   12.019110303433624     
   12.019110379758374     
   12.019110379758374     
   12.019110379758416     
   12.019110379758374     
   12.019110379758400     
   12.019110379758374     
   12.019110379758400     
   12.019110379758374     
   12.019110379758400     
   12.019110303433630     
   12.019110303433646     
   12.019110379758398     
   12.019110379758398     
   12.019110379758418     
   12.019110379758420     
   12.019110379758423     
   12.019110379758420     
   12.019110379758423     
   12.019110379758420     
   12.019110379758423     
   12.019110303433658     
   12.019110303433639     
   12.019110379758406     
   12.019110379758406     
   12.019110379758413     
   12.019110379758416     
   12.019110379758420     
   12.019110379758416     
   12.019110379758420     
   12.019110379758416     
   12.019110379758420     
   12.019110303433665     
   12.019110303433651     
   12.019110379758407     
   12.019110379758407     
   12.019110379758425     
   12.019110379758393     
   12.019110379758420     
   12.019110379758393     
   12.019110379758420     
   12.019110379758393     
   12.019110379758420     
   12.019110303433649     
   12.019110303239334     
   12.019110379564104     
   12.019110379564104     
   12.019110379564113     
   12.019110379564092     
   12.019110379564129     
   12.019110379564092     
   12.019110379564129     
   12.019110379564092     
   12.019110379564129     
   12.019110303239337     
   7.0127447952807023     
   7.0127448716785779     
   7.0127448716785779     
   7.0127448716785707     
   7.0127448716785761     
   7.0127448716785823     
   7.0127448716785761     
   7.0127448716785823     
   7.0127448716785761     
   7.0127448716785823     
   7.0127447952807174     
   7.0127441303661548     
   7.0127442067631200     
   7.0127442067631200     
   7.0127442067631254     
   7.0127442067631200     
   7.0127442067631218     
   7.0127442067631200     
   7.0127442067631218     
   7.0127442067631200     
   7.0127442067631218     
   7.0127441303661620     
   11.012732469484888     
   11.012732545670506     
   11.012732545670506     
   11.012732545670524     
   11.012732545670495     
   11.012732545670509     
   11.012732545670495     
   11.012732545670509     
   11.012732545670495     
   11.012732545670509     
   11.012732469484893     
   12.019110303322620     
   12.019110379647383     
   12.019110379647383     
   12.019110379647387     
   12.019110379647373     
   12.019110379647373     
   12.019110379647373     
   12.019110379647373     
   12.019110379647373     
   12.019110379647373     
   12.019110303322615     
   12.019110303433635     
   12.019110379758382     
   12.019110379758382     
   12.019110379758402     
   12.019110379758416     
   12.019110379758400     
   12.019110379758416     
   12.019110379758400     
   12.019110379758416     
   12.019110379758400     
   12.019110303433662     
   12.019110303433648     
   12.019110379758398     
   12.019110379758398     
   12.019110379758432     
   12.019110379758398     
   12.019110379758429     
   12.019110379758398     
   12.019110379758429     
   12.019110379758398     
   12.019110379758429     
   12.019110303433635     
   12.019110303433626     
   12.019110379758382     
   12.019110379758382     
   12.019110379758409     
   12.019110379758377     
   12.019110379758404     
   12.019110379758377     
   12.019110379758404     
   12.019110379758377     
   12.019110379758404     
   12.019110303433624     
   12.019110303433649     
   12.019110379758422     
   12.019110379758422     
   12.019110379758411     
   12.019110379758413     
   12.019110379758438     
   12.019110379758413     
   12.019110379758438     
   12.019110379758413     
   12.019110379758438     
   12.019110303433651     
   12.019110303433665     
   12.019110379758409     
   12.019110379758409     
   12.019110379758413     
   12.019110379758406     
   12.019110379758430     
   12.019110379758406     
   12.019110379758430     
   12.019110379758406     
   12.019110379758430     
   12.019110303433648     
   12.019110303322604     
   12.019110379647380     
   12.019110379647380     
   12.019110379647376     
   12.019110379647376     
   12.019110379647394     
   12.019110379647376     
   12.019110379647394     
   12.019110379647376     
   12.019110379647394     
   12.019110303322625     
   11.012733048089165     
   11.012733124274767     
   11.012733124274767     
   11.012733124274796     
   11.012733124274783     
   11.012733124274792     
   11.012733124274783     
   11.012733124274792     
   11.012733124274783     
   11.012733124274792     
   11.012733048089171     
   7.0127447097275883     
   7.0127447861245731     
   7.0127447861245731     
   7.0127447861245802     
   7.0127447861245811     
   7.0127447861245793     
   7.0127447861245811     
   7.0127447861245793     
   7.0127447861245811     
   7.0127447861245793     
   7.0127447097275954     
   7.0127441304495575     
   7.0127442068465218     
   7.0127442068465218     
   7.0127442068465138     
   7.0127442068465164     
   7.0127442068465111     
   7.0127442068465164     
   7.0127442068465111     
   7.0127442068465164     
   7.0127442068465111     
   7.0127441304495646     
   11.012732469484870     
   11.012732545670476     
   11.012732545670476     
   11.012732545670492     
   11.012732545670479     
   11.012732545670472     
   11.012732545670479     
   11.012732545670472     
   11.012732545670479     
   11.012732545670472     
   11.012732469484870     
   12.019110303322588     
   12.019110379647335     
   12.019110379647335     
   12.019110379647378     
   12.019110379647330     
   12.019110379647387     
   12.019110379647330     
   12.019110379647387     
   12.019110379647330     
   12.019110379647387     
   12.019110303322570     
   12.019110303433614     
   12.019110379758390     
   12.019110379758390     
   12.019110379758409     
   12.019110379758400     
   12.019110379758427     
   12.019110379758400     
   12.019110379758427     
   12.019110379758400     
   12.019110379758427     
   12.019110303433637     
   12.019110303433667     
   12.019110379758407     
   12.019110379758407     
   12.019110379758418     
   12.019110379758407     
   12.019110379758436     
   12.019110379758407     
   12.019110379758436     
   12.019110379758407     
   12.019110379758436     
   12.019110303433656     
   12.019110303322618     
   12.019110379647389     
   12.019110379647389     
   12.019110379647374     
   12.019110379647383     
   12.019110379647405     
   12.019110379647383     
   12.019110379647405     
   12.019110379647383     
   12.019110379647405     
   12.019110303322616     
   11.012733048089164     
   11.012733124274787     
   11.012733124274787     
   11.012733124274785     
   11.012733124274783     
   11.012733124274810     
   11.012733124274783     
   11.012733124274810     
   11.012733124274783     
   11.012733124274810     
   11.012733048089157     
   7.0127447098109812     
   7.0127447862079748     
   7.0127447862079748     
   7.0127447862079535     
   7.0127447862079570     
   7.0127447862079526     
   7.0127447862079570     
   7.0127447862079526     
   7.0127447862079570     
   7.0127447862079526     
   7.0127447098109847     
   7.0127441304495530     
   7.0127442068465253     
   7.0127442068465253     
   7.0127442068465236     
   7.0127442068465156     
   7.0127442068465236     
   7.0127442068465156     
   7.0127442068465236     
   7.0127442068465156     
   7.0127442068465236     
   7.0127441304495530     
   11.012732469484877     
   11.012732545670479     
   11.012732545670479     
   11.012732545670522     
   11.012732545670486     
   11.012732545670520     
   11.012732545670486     
   11.012732545670520     
   11.012732545670486     
   11.012732545670520     
   11.012732469484872     
   12.019110303239326     
   12.019110379564086     
   12.019110379564086     
   12.019110379564108     
   12.019110379564095     
   12.019110379564125     
   12.019110379564095     
   12.019110379564125     
   12.019110379564095     
   12.019110379564125     
   12.019110303239348     
   11.012733048089155     
   11.012733124274774     
   11.012733124274774     
   11.012733124274785     
   11.012733124274789     
   11.012733124274806     
   11.012733124274789     
   11.012733124274806     
   11.012733124274789     
   11.012733124274806     
   11.012733048089171     
   7.0127447098109839     
   7.0127447862079650     
   7.0127447862079650     
   7.0127447862079624     
   7.0127447862079695     
   7.0127447862079562     
   7.0127447862079695     
   7.0127447862079562     
   7.0127447862079695     
   7.0127447862079562     
   7.0127447098109830     
   7.0063645330646640     
   7.0063646091701415     
   7.0063646091701415     
   7.0063646091701344     
   7.0063646091701317     
   7.0063646091701255     
   7.0063646091701317     
   7.0063646091701255     
   7.0063646091701317     
   7.0063646091701255     
   7.0063645330646622     
   7.0063645330646827     
   7.0063646091701468     
   7.0063646091701468     
   7.0063646091701450     
   7.0063646091701486     
   7.0063646091701388     
   7.0063646091701486     
   7.0063646091701388     
   7.0063646091701486     
   7.0063646091701388     
   7.0063645330646871     
   4.0031818039930593     
   6.0063659451826839     
   6.0063659451826839     
   6.0063659451826839     
   6.0063659451826865     
   6.0063659451826865     
   6.0063659451826865     
   6.0063659451826865     
   6.0063659451826865     
   6.0063659451826865     
   6.0063659451826865     
   4.0031818039930576     
   5.0063675561619920     
   7.0127447862079668     
   7.0127447862079668     
   7.0127447862079668     
   7.0127447862079650     
   7.0127447862079650     
   7.0127447862079650     
   7.0127447862079650     
   7.0127447862079650     
   7.0127447862079650     
   7.0127447862079650     
   5.0063675561619982     
   8.0063633555471849     
   11.012733124247132     
   11.012733124247132     
   11.012733124247132     
   11.012733124247141     
   11.012733124247141     
   11.012733124247141     
   11.012733124247141     
   11.012733124247141     
   11.012733124247141     
   11.012733124247141     
   8.0063633555471654     
   8.0063630664734013     
   11.012732545642818     
   11.012732545642818     
   11.012732545642818     
   11.012732545642834     
   11.012732545642834     
   11.012732545642834     
   11.012732545642834     
   11.012732545642834     
   11.012732545642834     
   11.012732545642834     
   8.0063630664733978     
   5.0063672668955483     
   7.0127442068465209     
   7.0127442068465209     
   7.0127442068465209     
   7.0127442068465200     
   7.0127442068465191     
   7.0127442068465200     
   7.0127442068465191     
   7.0127442068465200     
   7.0127442068465191     
   7.0127442068465200     
   5.0063672668955492     
   5.0063675561619911     
   7.0127447862079748     
   7.0127447862079748     
   7.0127447862079748     
   7.0127447862079730     
   7.0127447862079730     
   7.0127447862079730     
   7.0127447862079730     
   7.0127447862079730     
   7.0127447862079730     
   7.0127447862079730     
   5.0063675561619929     
   8.0063633555748233     
   11.012733124274826     
   11.012733124274826     
   11.012733124274826     
   11.012733124274824     
   11.012733124274822     
   11.012733124274824     
   11.012733124274822     
   11.012733124274824     
   11.012733124274822     
   11.012733124274824     
   8.0063633555748268     
   9.0095481234707595     
   12.019110379647429     
   12.019110379647429     
   12.019110379647429     
   12.019110379647437     
   12.019110379647437     
   12.019110379647437     
   12.019110379647437     
   12.019110379647437     
   12.019110379647437     
   12.019110379647437     
   9.0095481234707648     
   9.0095481235538291     
   12.019110379758455     
   12.019110379758455     
   12.019110379758455     
   12.019110379758466     
   12.019110379758466     
   12.019110379758466     
   12.019110379758466     
   12.019110379758466     
   12.019110379758466     
   12.019110379758466     
   9.0095481235538255     
   9.0095481234707702     
   12.019110379647397     
   12.019110379647397     
   12.019110379647397     
   12.019110379647405     
   12.019110379647405     
   12.019110379647405     
   12.019110379647405     
   12.019110379647405     
   12.019110379647405     
   12.019110379647405     
   9.0095481234707666     
   8.0063630665010486     
   11.012732545670520     
   11.012732545670520     
   11.012732545670520     
   11.012732545670517     
   11.012732545670517     
   11.012732545670517     
   11.012732545670517     
   11.012732545670517     
   11.012732545670517     
   11.012732545670517     
   8.0063630665010681     
   5.0063672668955537     
   7.0127442068465227     
   7.0127442068465227     
   7.0127442068465227     
   7.0127442068465147     
   7.0127442068465209     
   7.0127442068465147     
   7.0127442068465209     
   7.0127442068465147     
   7.0127442068465209     
   7.0127442068465147     
   5.0063672668955537     
   5.0063675561342738     
   7.0127447861801766     
   7.0127447861801766     
   7.0127447861801766     
   7.0127447861801748     
   7.0127447861801748     
   7.0127447861801748     
   7.0127447861801748     
   7.0127447861801748     
   7.0127447861801748     
   7.0127447861801748     
   5.0063675561342693     
   8.0063633555748339     
   11.012733124274838     
   11.012733124274838     
   11.012733124274838     
   11.012733124274835     
   11.012733124274835     
   11.012733124274835     
   11.012733124274835     
   11.012733124274835     
   11.012733124274835     
   11.012733124274835     
   8.0063633555748517     
   9.0095481234707560     
   12.019110379647410     
   12.019110379647410     
   12.019110379647410     
   12.019110379647421     
   12.019110379647421     
   12.019110379647421     
   12.019110379647421     
   12.019110379647421     
   12.019110379647421     
   12.019110379647421     
   9.0095481234707613     
   9.0095481235538255     
   12.019110379758445     
   12.019110379758445     
   12.019110379758445     
   12.019110379758468     
   12.019110379758468     
   12.019110379758468     
   12.019110379758468     
   12.019110379758468     
   12.019110379758468     
   12.019110379758468     
   9.0095481235538220     
   9.0095481235538220     
   12.019110379758443     
   12.019110379758443     
   12.019110379758443     
   12.019110379758462     
   12.019110379758462     
   12.019110379758462     
   12.019110379758462     
   12.019110379758462     
   12.019110379758462     
   12.019110379758462     
   9.0095481235538308     
   9.0095481235538255     
   12.019110379758436     
   12.019110379758436     
   12.019110379758436     
   12.019110379758466     
   12.019110379758466     
   12.019110379758466     
   12.019110379758466     
   12.019110379758466     
   12.019110379758466     
   12.019110379758466     
   9.0095481235538326     
   9.0095481235538148     
   12.019110379758436     
   12.019110379758436     
   12.019110379758436     
   12.019110379758455     
   12.019110379758455     
   12.019110379758455     
   12.019110379758455     
   12.019110379758455     
   12.019110379758455     
   12.019110379758455     
   9.0095481235538202     
   9.0095481234707808     
   12.019110379647403     
   12.019110379647403     
   12.019110379647403     
   12.019110379647412     
   12.019110379647415     
   12.019110379647412     
   12.019110379647415     
   12.019110379647412     
   12.019110379647415     
   12.019110379647412     
   9.0095481234707702     
   8.0063630665010681     
   11.012732545670531     
   11.012732545670531     
   11.012732545670531     
   11.012732545670529     
   11.012732545670527     
   11.012732545670529     
   11.012732545670527     
   11.012732545670529     
   11.012732545670527     
   11.012732545670529     
   8.0063630665010557     
   5.0063672668678318     
   7.0127442068187271     
   7.0127442068187271     
   7.0127442068187271     
   7.0127442068187191     
   7.0127442068187209     
   7.0127442068187191     
   7.0127442068187209     
   7.0127442068187191     
   7.0127442068187209     
   7.0127442068187191     
   5.0063672668678301     
   7.0063643627278278     
   10.012735178968700     
   10.012735178968700     
   10.012735178968700     
   10.012735178968699     
   10.012735178968699     
   10.012735178968699     
   10.012735178968699     
   10.012735178968699     
   10.012735178968699     
   10.012735178968699     
   7.0063643627278420     
   9.0095481234707506     
   12.019110379647415     
   12.019110379647415     
   12.019110379647415     
   12.019110379647419     
   12.019110379647419     
   12.019110379647419     
   12.019110379647419     
   12.019110379647419     
   12.019110379647419     
   12.019110379647419     
   9.0095481234707560     
   9.0095481235538255     
   12.019110379758455     
   12.019110379758455     
   12.019110379758455     
   12.019110379758468     
   12.019110379758468     
   12.019110379758468     
   12.019110379758468     
   12.019110379758468     
   12.019110379758468     
   12.019110379758468     
   9.0095481235538291     
   9.0095481235538291     
   12.019110379758448     
   12.019110379758448     
   12.019110379758448     
   12.019110379758455     
   12.019110379758454     
   12.019110379758455     
   12.019110379758454     
   12.019110379758455     
   12.019110379758454     
   12.019110379758455     
   9.0095481235538077     
   9.0095481235538255     
   12.019110379758455     
   12.019110379758455     
   12.019110379758455     
   12.019110379758468     
   12.019110379758468     
   12.019110379758468     
   12.019110379758468     
   12.019110379758468     
   12.019110379758468     
   12.019110379758468     
   9.0095481235538291     
   9.0095481235538148     
   12.019110379758441     
   12.019110379758441     
   12.019110379758441     
   12.019110379758470     
   12.019110379758470     
   12.019110379758470     
   12.019110379758470     
   12.019110379758470     
   12.019110379758470     
   12.019110379758470     
   9.0095481235538113     
   9.0095481235538077     
   12.019110379758429     
   12.019110379758429     
   12.019110379758429     
   12.019110379758448     
   12.019110379758448     
   12.019110379758448     
   12.019110379758448     
   12.019110379758448     
   12.019110379758448     
   12.019110379758448     
   9.0095481235538308     
   9.0095481235538220     
   12.019110379758459     
   12.019110379758459     
   12.019110379758459     
   12.019110379758459     
   12.019110379758470     
   12.019110379758459     
   12.019110379758470     
   12.019110379758459     
   12.019110379758470     
   12.019110379758459     
   9.0095481235538095     
   9.0095481235538113     
   12.019110379758457     
   12.019110379758457     
   12.019110379758457     
   12.019110379758475     
   12.019110379758477     
   12.019110379758475     
   12.019110379758477     
   12.019110379758475     
   12.019110379758477     
   12.019110379758475     
   9.0095481235538095     
   9.0095481234707666     
   12.019110379647397     
   12.019110379647397     
   12.019110379647397     
   12.019110379647385     
   12.019110379647399     
   12.019110379647385     
   12.019110379647399     
   12.019110379647385     
   12.019110379647399     
   12.019110379647385     
   9.0095481234707737     
   7.0063640735440007     
   10.012734600164203     
   10.012734600164203     
   10.012734600164203     
   10.012734600164203     
   10.012734600164212     
   10.012734600164203     
   10.012734600164212     
   10.012734600164203     
   10.012734600164212     
   10.012734600164203     
   7.0063640735439963     
   5.0063675859765979     
   7.0127448717341636     
   7.0127448717341636     
   7.0127448717341636     
   7.0127448717341583     
   7.0127448717341583     
   7.0127448717341583     
   7.0127448717341583     
   7.0127448717341583     
   7.0127448717341583     
   7.0127448717341583     
   5.0063675859766041     
   9.0095481234707684     
   12.019110379647403     
   12.019110379647403     
   12.019110379647403     
   12.019110379647403     
   12.019110379647401     
   12.019110379647403     
   12.019110379647401     
   12.019110379647403     
   12.019110379647401     
   12.019110379647403     
   9.0095481234707613     
   9.0095481235538202     
   12.019110379758446     
   12.019110379758446     
   12.019110379758446     
   12.019110379758468     
   12.019110379758468     
   12.019110379758468     
   12.019110379758468     
   12.019110379758468     
   12.019110379758468     
   12.019110379758468     
   9.0095481235538362     
   9.0095481235538220     
   12.019110379758464     
   12.019110379758464     
   12.019110379758464     
   12.019110379758470     
   12.019110379758470     
   12.019110379758470     
   12.019110379758470     
   12.019110379758470     
   12.019110379758470     
   12.019110379758470     
   9.0095481235538184     
   9.0095481235538291     
   12.019110379758446     
   12.019110379758446     
   12.019110379758446     
   12.019110379758459     
   12.019110379758459     
   12.019110379758459     
   12.019110379758459     
   12.019110379758459     
   12.019110379758459     
   12.019110379758459     
   9.0095481235538344     
   9.0095481235538291     
   12.019110379758448     
   12.019110379758448     
   12.019110379758448     
   12.019110379758455     
   12.019110379758454     
   12.019110379758455     
   12.019110379758454     
   12.019110379758455     
   12.019110379758454     
   12.019110379758455     
   9.0095481235538273     
   9.0095481235538291     
   12.019110379758432     
   12.019110379758432     
   12.019110379758432     
   12.019110379758443     
   12.019110379758443     
   12.019110379758443     
   12.019110379758443     
   12.019110379758443     
   12.019110379758443     
   12.019110379758443     
   9.0095481235538077     
   9.0095481235538362     
   12.019110379758441     
   12.019110379758441     
   12.019110379758441     
   12.019110379758455     
   12.019110379758455     
   12.019110379758455     
   12.019110379758455     
   12.019110379758455     
   12.019110379758455     
   12.019110379758455     
   9.0095481235538344     
   9.0095481235538397     
   12.019110379758441     
   12.019110379758441     
   12.019110379758441     
   12.019110379758439     
   12.019110379758446     
   12.019110379758439     
   12.019110379758446     
   12.019110379758439     
   12.019110379758446     
   12.019110379758439     
   9.0095481235538379     
   9.0095481235538255     
   12.019110379758454     
   12.019110379758454     
   12.019110379758454     
   12.019110379758455     
   12.019110379758454     
   12.019110379758455     
   12.019110379758454     
   12.019110379758455     
   12.019110379758454     
   12.019110379758455     
   9.0095481235538255     
   9.0095481234707613     
   12.019110379647366     
   12.019110379647366     
   12.019110379647366     
   12.019110379647380     
   12.019110379647380     
   12.019110379647380     
   12.019110379647380     
   12.019110379647380     
   12.019110379647380     
   12.019110379647380     
   9.0095481234707524     
   5.0063676850566372     
   7.0127451042935078     
   7.0127451042935078     
   7.0127451042935078     
   7.0127451042935078     
   7.0127451042935078     
   7.0127451042935078     
   7.0127451042935078     
   7.0127451042935078     
   7.0127451042935078     
   7.0127451042935078     
   5.0063676850566390     
   8.0063633555748215     
   11.012733124274790     
   11.012733124274790     
   11.012733124274790     
   11.012733124274797     
   11.012733124274797     
   11.012733124274797     
   11.012733124274797     
   11.012733124274797     
   11.012733124274797     
   11.012733124274797     
   8.0063633555748162     
   9.0095481235538202     
   12.019110379758452     
   12.019110379758452     
   12.019110379758452     
   12.019110379758448     
   12.019110379758448     
   12.019110379758448     
   12.019110379758448     
   12.019110379758448     
   12.019110379758448     
   12.019110379758448     
   9.0095481235538237     
   9.0095481235538184     
   12.019110379758445     
   12.019110379758445     
   12.019110379758445     
   12.019110379758450     
   12.019110379758450     
   12.019110379758450     
   12.019110379758450     
   12.019110379758450     
   12.019110379758450     
   12.019110379758450     
   9.0095481235538255     
   9.0095481235538166     
   12.019110379758448     
   12.019110379758448     
   12.019110379758448     
   12.019110379758459     
   12.019110379758459     
   12.019110379758459     
   12.019110379758459     
   12.019110379758459     
   12.019110379758459     
   12.019110379758459     
   9.0095481235538202     
   9.0095481235538255     
   12.019110379758455     
   12.019110379758455     
   12.019110379758455     
   12.019110379758468     
   12.019110379758468     
   12.019110379758468     
   12.019110379758468     
   12.019110379758468     
   12.019110379758468     
   12.019110379758468     
   9.0095481235538291     
   9.0095481235538148     
   12.019110379758432     
   12.019110379758432     
   12.019110379758432     
   12.019110379758443     
   12.019110379758443     
   12.019110379758443     
   12.019110379758443     
   12.019110379758443     
   12.019110379758443     
   12.019110379758443     
   9.0095481235538113     
   9.0095481235538237     
   12.019110379758459     
   12.019110379758459     
   12.019110379758459     
   12.019110379758459     
   12.019110379758459     
   12.019110379758459     
   12.019110379758459     
   12.019110379758459     
   12.019110379758459     
   12.019110379758459     
   9.0095481235538220     
   9.0095481235538220     
   12.019110379758441     
   12.019110379758441     
   12.019110379758441     
   12.019110379758446     
   12.019110379758446     
   12.019110379758446     
   12.019110379758446     
   12.019110379758446     
   12.019110379758446     
   12.019110379758446     
   9.0095481235538202     
   9.0095481235538273     
   12.019110379758438     
   12.019110379758438     
   12.019110379758438     
   12.019110379758438     
   12.019110379758438     
   12.019110379758438     
   12.019110379758438     
   12.019110379758438     
   12.019110379758438     
   12.019110379758438     
   9.0095481235538255     
   9.0095481235538148     
   12.019110379758441     
   12.019110379758441     
   12.019110379758441     
   12.019110379758454     
   12.019110379758454     
   12.019110379758454     
   12.019110379758454     
   12.019110379758454     
   12.019110379758454     
   12.019110379758454     
   9.0095481235538291     
   8.0063630666686620     
   11.012732545914686     
   11.012732545914686     
   11.012732545914686     
   11.012732545914686     
   11.012732545914686     
   11.012732545914686     
   11.012732545914686     
   11.012732545914686     
   11.012732545914686     
   11.012732545914686     
   8.0063630666686727     
   5.0063675860043215     
   7.0127448717619485     
   7.0127448717619485     
   7.0127448717619485     
   7.0127448717619520     
   7.0127448717619520     
   7.0127448717619520     
   7.0127448717619520     
   7.0127448717619520     
   7.0127448717619520     
   7.0127448717619520     
   5.0063675860043331     
   9.0095481234707542     
   12.019110379647394     
   12.019110379647394     
   12.019110379647394     
   12.019110379647413     
   12.019110379647413     
   12.019110379647413     
   12.019110379647413     
   12.019110379647413     
   12.019110379647413     
   12.019110379647413     
   9.0095481234707577     
   9.0095481235538202     
   12.019110379758459     
   12.019110379758459     
   12.019110379758459     
   12.019110379758459     
   12.019110379758455     
   12.019110379758459     
   12.019110379758455     
   12.019110379758459     
   12.019110379758455     
   12.019110379758459     
   9.0095481235538237     
   9.0095481235538255     
   12.019110379758454     
   12.019110379758454     
   12.019110379758454     
   12.019110379758436     
   12.019110379758436     
   12.019110379758436     
   12.019110379758436     
   12.019110379758436     
   12.019110379758436     
   12.019110379758436     
   9.0095481235538326     
   9.0095481235538202     
   12.019110379758446     
   12.019110379758446     
   12.019110379758446     
   12.019110379758468     
   12.019110379758468     
   12.019110379758468     
   12.019110379758468     
   12.019110379758468     
   12.019110379758468     
   12.019110379758468     
   9.0095481235538362     
   9.0095481235538095     
   12.019110379758438     
   12.019110379758438     
   12.019110379758438     
   12.019110379758436     
   12.019110379758436     
   12.019110379758436     
   12.019110379758436     
   12.019110379758436     
   12.019110379758436     
   12.019110379758436     
   9.0095481235538273     
   9.0095481235538273     
   12.019110379758466     
   12.019110379758466     
   12.019110379758466     
   12.019110379758466     
   12.019110379758466     
   12.019110379758466     
   12.019110379758466     
   12.019110379758466     
   12.019110379758466     
   12.019110379758466     
   9.0095481235538255     
   9.0095481235538273     
   12.019110379758462     
   12.019110379758462     
   12.019110379758462     
   12.019110379758454     
   12.019110379758454     
   12.019110379758454     
   12.019110379758454     
   12.019110379758454     
   12.019110379758454     
   12.019110379758454     
   9.0095481235538166     
   9.0095481235538202     
   12.019110379758445     
   12.019110379758445     
   12.019110379758445     
   12.019110379758446     
   12.019110379758445     
   12.019110379758446     
   12.019110379758445     
   12.019110379758446     
   12.019110379758445     
   12.019110379758446     
   9.0095481235538220     
   9.0095481235538237     
   12.019110379758454     
   12.019110379758454     
   12.019110379758454     
   12.019110379758468     
   12.019110379758468     
   12.019110379758468     
   12.019110379758468     
   12.019110379758468     
   12.019110379758468     
   12.019110379758468     
   9.0095481235538131     
   9.0095481234707595     
   12.019110379647364     
   12.019110379647364     
   12.019110379647364     
   12.019110379647366     
   12.019110379647366     
   12.019110379647366     
   12.019110379647366     
   12.019110379647366     
   12.019110379647366     
   12.019110379647366     
   9.0095481234707577     
   5.0063676850843573     
   7.0127451043213025     
   7.0127451043213025     
   7.0127451043213025     
   7.0127451043213016     
   7.0127451043213016     
   7.0127451043213016     
   7.0127451043213016     
   7.0127451043213016     
   7.0127451043213016     
   7.0127451043213016     
   5.0063676850843652     
   8.0063633555748215     
   11.012733124274792     
   11.012733124274792     
   11.012733124274792     
   11.012733124274803     
   11.012733124274803     
   11.012733124274803     
   11.012733124274803     
   11.012733124274803     
   11.012733124274803     
   11.012733124274803     
   8.0063633555748250     
   9.0095481235538237     
   12.019110379758445     
   12.019110379758445     
   12.019110379758445     
   12.019110379758452     
   12.019110379758452     
   12.019110379758452     
   12.019110379758452     
   12.019110379758452     
   12.019110379758452     
   12.019110379758452     
   9.0095481235538291     
   9.0095481235538095     
   12.019110379758439     
   12.019110379758439     
   12.019110379758439     
   12.019110379758475     
   12.019110379758475     
   12.019110379758475     
   12.019110379758475     
   12.019110379758475     
   12.019110379758475     
   12.019110379758475     
   9.0095481235538255     
   9.0095481235538077     
   12.019110379758454     
   12.019110379758454     
   12.019110379758454     
   12.019110379758452     
   12.019110379758452     
   12.019110379758452     
   12.019110379758452     
   12.019110379758452     
   12.019110379758452     
   12.019110379758452     
   9.0095481235538255     
   9.0095481235538308     
   12.019110379758443     
   12.019110379758443     
   12.019110379758443     
   12.019110379758450     
   12.019110379758450     
   12.019110379758450     
   12.019110379758450     
   12.019110379758450     
   12.019110379758450     
   12.019110379758450     
   9.0095481235538202     
   9.0095481235538326     
   12.019110379758457     
   12.019110379758457     
   12.019110379758457     
   12.019110379758445     
   12.019110379758445     
   12.019110379758445     
   12.019110379758445     
   12.019110379758445     
   12.019110379758445     
   12.019110379758445     
   9.0095481235538308     
   9.0095481235538237     
   12.019110379758455     
   12.019110379758455     
   12.019110379758455     
   12.019110379758438     
   12.019110379758439     
   12.019110379758438     
   12.019110379758439     
   12.019110379758438     
   12.019110379758439     
   12.019110379758438     
   9.0095481235538379     
   9.0095481235538131     
   12.019110379758446     
   12.019110379758446     
   12.019110379758446     
   12.019110379758448     
   12.019110379758446     
   12.019110379758448     
   12.019110379758446     
   12.019110379758448     
   12.019110379758446     
   12.019110379758448     
   9.0095481235538131     
   9.0095481235538273     
   12.019110379758459     
   12.019110379758459     
   12.019110379758459     
   12.019110379758459     
   12.019110379758459     
   12.019110379758459     
   12.019110379758459     
   12.019110379758459     
   12.019110379758459     
   12.019110379758459     
   9.0095481235538184     
   9.0095481235538148     
   12.019110379758441     
   12.019110379758441     
   12.019110379758441     
   12.019110379758454     
   12.019110379758454     
   12.019110379758454     
   12.019110379758454     
   12.019110379758454     
   12.019110379758454     
   12.019110379758454     
   9.0095481235538291     
   8.0063630666686620     
   11.012732545914673     
   11.012732545914673     
   11.012732545914673     
   11.012732545914695     
   11.012732545914695     
   11.012732545914695     
   11.012732545914695     
   11.012732545914695     
   11.012732545914695     
   11.012732545914695     
   8.0063630666686691     
   5.0063675860043197     
   7.0127448717619494     
   7.0127448717619494     
   7.0127448717619494     
   7.0127448717619476     
   7.0127448717619476     
   7.0127448717619476     
   7.0127448717619476     
   7.0127448717619476     
   7.0127448717619476     
   7.0127448717619476     
   5.0063675860043215     
   9.0095481234707684     
   12.019110379647394     
   12.019110379647394     
   12.019110379647394     
   12.019110379647415     
   12.019110379647415     
   12.019110379647415     
   12.019110379647415     
   12.019110379647415     
   12.019110379647415     
   12.019110379647415     
   9.0095481234707542     
   9.0095481235538237     
   12.019110379758445     
   12.019110379758445     
   12.019110379758445     
   12.019110379758452     
   12.019110379758452     
   12.019110379758452     
   12.019110379758452     
   12.019110379758452     
   12.019110379758452     
   12.019110379758452     
   9.0095481235538291     
   9.0095481235538237     
   12.019110379758445     
   12.019110379758445     
   12.019110379758445     
   12.019110379758452     
   12.019110379758452     
   12.019110379758452     
   12.019110379758452     
   12.019110379758452     
   12.019110379758452     
   12.019110379758452     
   9.0095481235538291     
   9.0095481235538148     
   12.019110379758432     
   12.019110379758432     
   12.019110379758432     
   12.019110379758452     
   12.019110379758452     
   12.019110379758452     
   12.019110379758452     
   12.019110379758452     
   12.019110379758452     
   12.019110379758452     
   9.0095481235538308     
   9.0095481235538291     
   12.019110379758443     
   12.019110379758443     
   12.019110379758443     
   12.019110379758430     
   12.019110379758443     
   12.019110379758430     
   12.019110379758443     
   12.019110379758430     
   12.019110379758443     
   12.019110379758430     
   9.0095481235538273     
   9.0095481235538326     
   12.019110379758446     
   12.019110379758446     
   12.019110379758446     
   12.019110379758459     
   12.019110379758459     
   12.019110379758459     
   12.019110379758459     
   12.019110379758459     
   12.019110379758459     
   12.019110379758459     
   9.0095481235538308     
   9.0095481235538273     
   12.019110379758455     
   12.019110379758455     
   12.019110379758455     
   12.019110379758455     
   12.019110379758454     
   12.019110379758455     
   12.019110379758454     
   12.019110379758455     
   12.019110379758454     
   12.019110379758455     
   9.0095481235538166     
   9.0095481235538237     
   12.019110379758446     
   12.019110379758446     
   12.019110379758446     
   12.019110379758434     
   12.019110379758434     
   12.019110379758434     
   12.019110379758434     
   12.019110379758434     
   12.019110379758434     
   12.019110379758434     
   9.0095481235538148     
   9.0095481235538237     
   12.019110379758454     
   12.019110379758454     
   12.019110379758454     
   12.019110379758468     
   12.019110379758468     
   12.019110379758468     
   12.019110379758468     
   12.019110379758468     
   12.019110379758468     
   12.019110379758468     
   9.0095481235538220     
   9.0095481234707524     
   12.019110379647371     
   12.019110379647371     
   12.019110379647371     
   12.019110379647373     
   12.019110379647373     
   12.019110379647373     
   12.019110379647373     
   12.019110379647373     
   12.019110379647373     
   12.019110379647373     
   9.0095481234707524     
   5.0063676850843644     
   7.0127451043213078     
   7.0127451043213078     
   7.0127451043213078     
   7.0127451043213069     
   7.0127451043213069     
   7.0127451043213069     
   7.0127451043213069     
   7.0127451043213069     
   7.0127451043213069     
   7.0127451043213069     
   5.0063676850843599     
   8.0063633555471636     
   11.012733124247085     
   11.012733124247085     
   11.012733124247085     
   11.012733124247093     
   11.012733124247093     
   11.012733124247093     
   11.012733124247093     
   11.012733124247093     
   11.012733124247093     
   11.012733124247093     
   8.0063633555471601     
   9.0095481235538255     
   12.019110379758454     
   12.019110379758454     
   12.019110379758454     
   12.019110379758436     
   12.019110379758436     
   12.019110379758436     
   12.019110379758436     
   12.019110379758436     
   12.019110379758436     
   12.019110379758436     
   9.0095481235538326     
   9.0095481235538202     
   12.019110379758446     
   12.019110379758446     
   12.019110379758446     
   12.019110379758468     
   12.019110379758468     
   12.019110379758468     
   12.019110379758468     
   12.019110379758468     
   12.019110379758468     
   12.019110379758468     
   9.0095481235538362     
   9.0095481235538095     
   12.019110379758434     
   12.019110379758434     
   12.019110379758434     
   12.019110379758443     
   12.019110379758443     
   12.019110379758443     
   12.019110379758443     
   12.019110379758443     
   12.019110379758443     
   12.019110379758443     
   9.0095481235538237     
   9.0095481235538255     
   12.019110379758443     
   12.019110379758443     
   12.019110379758443     
   12.019110379758445     
   12.019110379758445     
   12.019110379758445     
   12.019110379758445     
   12.019110379758445     
   12.019110379758445     
   12.019110379758445     
   9.0095481235538237     
   9.0095481235538166     
   12.019110379758430     
   12.019110379758430     
   12.019110379758430     
   12.019110379758446     
   12.019110379758446     
   12.019110379758446     
   12.019110379758446     
   12.019110379758446     
   12.019110379758446     
   12.019110379758446     
   9.0095481235538308     
   9.0095481235538148     
   12.019110379758448     
   12.019110379758448     
   12.019110379758448     
   12.019110379758448     
   12.019110379758448     
   12.019110379758448     
   12.019110379758448     
   12.019110379758448     
   12.019110379758448     
   12.019110379758448     
   9.0095481235538220     
   9.0095481235538344     
   12.019110379758436     
   12.019110379758436     
   12.019110379758436     
   12.019110379758450     
   12.019110379758450     
   12.019110379758450     
   12.019110379758450     
   12.019110379758450     
   12.019110379758450     
   12.019110379758450     
   9.0095481235538166     
   9.0095481235538273     
   12.019110379758445     
   12.019110379758445     
   12.019110379758445     
   12.019110379758445     
   12.019110379758445     
   12.019110379758445     
   12.019110379758445     
   12.019110379758445     
   12.019110379758445     
   12.019110379758445     
   9.0095481235538273     
   9.0095481235538237     
   12.019110379758446     
   12.019110379758446     
   12.019110379758446     
   12.019110379758434     
   12.019110379758434     
   12.019110379758434     
   12.019110379758434     
   12.019110379758434     
   12.019110379758434     
   12.019110379758434     
   9.0095481235538148     
   8.0063630666410130     
   11.012732545886990     
   11.012732545886990     
   11.012732545886990     
   11.012732545886990     
   11.012732545886990     
   11.012732545886990     
   11.012732545886990     
   11.012732545886990     
   11.012732545886990     
   11.012732545886990     
   8.0063630666410095     
   4.0031816048877307     
   6.0063655591678833     
   6.0063655591678833     
   6.0063655591678833     
   6.0063655591678806     
   6.0063655591678806     
   6.0063655591678806     
   6.0063655591678806     
   6.0063655591678806     
   6.0063655591678806     
   6.0063655591678806     
   4.0031816048877316     
   8.0063628488015137     
   11.012732109886343     
   11.012732109886343     
   11.012732109886343     
   11.012732109886361     
   11.012732109886361     
   11.012732109886361     
   11.012732109886361     
   11.012732109886361     
   11.012732109886361     
   11.012732109886361     
   8.0063628488015297     
   9.0095481234707488     
   12.019110379647364     
   12.019110379647364     
   12.019110379647364     
   12.019110379647385     
   12.019110379647385     
   12.019110379647385     
   12.019110379647385     
   12.019110379647385     
   12.019110379647385     
   12.019110379647385     
   9.0095481234707453     
   9.0095481235538131     
   12.019110379758457     
   12.019110379758457     
   12.019110379758457     
   12.019110379758441     
   12.019110379758441     
   12.019110379758441     
   12.019110379758441     
   12.019110379758441     
   12.019110379758441     
   12.019110379758441     
   9.0095481235538362     
   9.0095481235538326     
   12.019110379758457     
   12.019110379758457     
   12.019110379758457     
   12.019110379758445     
   12.019110379758445     
   12.019110379758445     
   12.019110379758445     
   12.019110379758445     
   12.019110379758445     
   12.019110379758445     
   9.0095481235538308     
   9.0095481235538291     
   12.019110379758446     
   12.019110379758446     
   12.019110379758446     
   12.019110379758448     
   12.019110379758446     
   12.019110379758448     
   12.019110379758446     
   12.019110379758448     
   12.019110379758446     
   12.019110379758448     
   9.0095481235538273     
   9.0095481235538220     
   12.019110379758461     
   12.019110379758461     
   12.019110379758461     
   12.019110379758461     
   12.019110379758461     
   12.019110379758461     
   12.019110379758461     
   12.019110379758461     
   12.019110379758461     
   12.019110379758461     
   9.0095481235538202     
   9.0095481235538273     
   12.019110379758452     
   12.019110379758452     
   12.019110379758452     
   12.019110379758438     
   12.019110379758438     
   12.019110379758438     
   12.019110379758438     
   12.019110379758438     
   12.019110379758438     
   12.019110379758438     
   9.0095481235538166     
   9.0095481235538273     
   12.019110379758441     
   12.019110379758441     
   12.019110379758441     
   12.019110379758452     
   12.019110379758452     
   12.019110379758452     
   12.019110379758452     
   12.019110379758452     
   12.019110379758452     
   12.019110379758452     
   9.0095481235538255     
   9.0095481234707488     
   12.019110379647344     
   12.019110379647344     
   12.019110379647344     
   12.019110379647358     
   12.019110379647358     
   12.019110379647358     
   12.019110379647358     
   12.019110379647358     
   12.019110379647358     
   12.019110379647358     
   9.0095481234707542     
   8.0063628489691414     
   11.012732110130530     
   11.012732110130530     
   11.012732110130530     
   11.012732110130532     
   11.012732110130530     
   11.012732110130532     
   11.012732110130530     
   11.012732110130532     
   11.012732110130530     
   11.012732110130532     
   8.0063628489691485     
   4.0031815148670731     
   6.0063653957253278     
   6.0063653957253278     
   6.0063653957253278     
   6.0063653957253340     
   6.0063653957253340     
   6.0063653957253340     
   6.0063653957253340     
   6.0063653957253340     
   6.0063653957253340     
   6.0063653957253340     
   4.0031815148670704     
   5.0063670787923558     
   7.0127438558832820     
   7.0127438558832820     
   7.0127438558832820     
   7.0127438558832873     
   7.0127438558832873     
   7.0127438558832873     
   7.0127438558832873     
   7.0127438558832873     
   7.0127438558832873     
   7.0127438558832873     
   5.0063670787923655     
   8.0063628488291734     
   11.012732109914026     
   11.012732109914026     
   11.012732109914026     
   11.012732109914035     
   11.012732109914035     
   11.012732109914035     
   11.012732109914035     
   11.012732109914035     
   11.012732109914035     
   11.012732109914035     
   8.0063628488291698     
   9.0095481234707524     
   12.019110379647376     
   12.019110379647376     
   12.019110379647376     
   12.019110379647366     
   12.019110379647376     
   12.019110379647366     
   12.019110379647376     
   12.019110379647366     
   12.019110379647376     
   12.019110379647366     
   9.0095481234707488     
   9.0095481235538326     
   12.019110379758445     
   12.019110379758445     
   12.019110379758445     
   12.019110379758461     
   12.019110379758459     
   12.019110379758461     
   12.019110379758459     
   12.019110379758461     
   12.019110379758459     
   12.019110379758461     
   9.0095481235538220     
   9.0095481235538273     
   12.019110379758455     
   12.019110379758455     
   12.019110379758455     
   12.019110379758439     
   12.019110379758454     
   12.019110379758439     
   12.019110379758454     
   12.019110379758439     
   12.019110379758454     
   12.019110379758439     
   9.0095481235538166     
   9.0095481235538291     
   12.019110379758430     
   12.019110379758430     
   12.019110379758430     
   12.019110379758430     
   12.019110379758443     
   12.019110379758430     
   12.019110379758443     
   12.019110379758430     
   12.019110379758443     
   12.019110379758430     
   9.0095481235538220     
   9.0095481234707506     
   12.019110379647362     
   12.019110379647362     
   12.019110379647362     
   12.019110379647334     
   12.019110379647334     
   12.019110379647334     
   12.019110379647334     
   12.019110379647334     
   12.019110379647334     
   12.019110379647334     
   9.0095481234707400     
   8.0063628489967904     
   11.012732110158234     
   11.012732110158234     
   11.012732110158234     
   11.012732110158215     
   11.012732110158215     
   11.012732110158215     
   11.012732110158215     
   11.012732110158215     
   11.012732110158215     
   11.012732110158215     
   8.0063628489967886     
   5.0063674671289480     
   7.0127446677842764     
   7.0127446677842764     
   7.0127446677842764     
   7.0127446677842924     
   7.0127446677842862     
   7.0127446677842924     
   7.0127446677842862     
   7.0127446677842924     
   7.0127446677842862     
   7.0127446677842924     
   5.0063674671289462     
   5.0063670787923638     
   7.0127438558832820     
   7.0127438558832820     
   7.0127438558832820     
   7.0127438558832820     
   7.0127438558832820     
   7.0127438558832820     
   7.0127438558832820     
   7.0127438558832820     
   7.0127438558832820     
   7.0127438558832820     
   5.0063670787923558     
   8.0063628488291876     
   11.012732109914039     
   11.012732109914039     
   11.012732109914039     
   11.012732109914049     
   11.012732109914049     
   11.012732109914049     
   11.012732109914049     
   11.012732109914049     
   11.012732109914049     
   11.012732109914049     
   8.0063628488291840     
   9.0095481234707471     
   12.019110379647390     
   12.019110379647390     
   12.019110379647390     
   12.019110379647367     
   12.019110379647367     
   12.019110379647367     
   12.019110379647367     
   12.019110379647367     
   12.019110379647367     
   12.019110379647367     
   9.0095481234707560     
   9.0095481234707488     
   12.019110379647344     
   12.019110379647344     
   12.019110379647344     
   12.019110379647358     
   12.019110379647358     
   12.019110379647358     
   12.019110379647358     
   12.019110379647358     
   12.019110379647358     
   12.019110379647358     
   9.0095481234707542     
   8.0063628489967904     
   11.012732110158224     
   11.012732110158224     
   11.012732110158224     
   11.012732110158206     
   11.012732110158225     
   11.012732110158206     
   11.012732110158225     
   11.012732110158206     
   11.012732110158225     
   11.012732110158206     
   8.0063628489967726     
   5.0063674671289480     
   7.0127446677842924     
   7.0127446677842924     
   7.0127446677842924     
   7.0127446677842871     
   7.0127446677842800     
   7.0127446677842871     
   7.0127446677842800     
   7.0127446677842871     
   7.0127446677842800     
   7.0127446677842871     
   5.0063674671289480     
   5.0063670787646410     
   7.0127438558554909     
   7.0127438558554909     
   7.0127438558554909     
   7.0127438558554838     
   7.0127438558554838     
   7.0127438558554838     
   7.0127438558554838     
   7.0127438558554838     
   7.0127438558554838     
   7.0127438558554838     
   5.0063670787646428     
   7.0063638558073320     
   10.012734164275429     
   10.012734164275429     
   10.012734164275429     
   10.012734164275427     
   10.012734164275427     
   10.012734164275427     
   10.012734164275427     
   10.012734164275427     
   10.012734164275427     
   10.012734164275427     
   7.0063638558073329     
   5.0063674671012270     
   7.0127446677564862     
   7.0127446677564862     
   7.0127446677564862     
   7.0127446677564862     
   7.0127446677564809     
   7.0127446677564862     
   7.0127446677564809     
   7.0127446677564862     
   7.0127446677564809     
   7.0127446677564862     
   5.0063674671012244     
