   14.664069264069266     
   13.934199134199135     
   13.934199134199135     
   13.934199134199135     
   13.934199134199135     
   13.934199134199135     
   13.934199134199135     
   13.934199134199135     
   13.934199134199135     
   13.934199134199135     
   14.664069264069266     
   18.660317460317458     
   17.523809523809518     
   17.523809523809518     
   17.523809523809518     
   17.523809523809518     
   17.523809523809518     
   17.523809523809518     
   17.523809523809518     
   17.523809523809518     
   17.523809523809518     
   18.660317460317458     
   14.664069264069266     
   13.934199134199135     
   13.934199134199135     
   13.934199134199135     
   13.934199134199135     
   13.934199134199135     
   13.934199134199135     
   13.934199134199135     
   13.934199134199135     
   13.934199134199135     
   14.664069264069266     
   14.664069264069266     
   13.934199134199135     
   13.934199134199135     
   13.934199134199135     
   13.934199134199135     
   13.934199134199135     
   13.934199134199135     
   13.934199134199135     
   13.934199134199135     
   13.934199134199135     
   14.664069264069266     
   18.311399711399709     
   17.359307359307358     
   17.359307359307358     
   17.359307359307358     
   17.359307359307358     
   17.359307359307358     
   17.359307359307358     
   17.359307359307358     
   17.359307359307358     
   17.359307359307358     
   18.311399711399709     
   17.508513708513711     
   16.791341991341994     
   16.791341991341994     
   16.791341991341994     
   16.791341991341994     
   16.791341991341994     
   16.791341991341994     
   16.791341991341994     
   16.791341991341994     
   16.791341991341994     
   17.508513708513711     
   17.508513708513711     
   16.791341991341994     
   16.791341991341994     
   16.791341991341994     
   16.791341991341994     
   16.791341991341994     
   16.791341991341994     
   16.791341991341994     
   16.791341991341994     
   16.791341991341994     
   17.508513708513711     
   18.311399711399709     
   17.359307359307358     
   17.359307359307358     
   17.359307359307358     
   17.359307359307358     
   17.359307359307358     
   17.359307359307358     
   17.359307359307358     
   17.359307359307358     
   17.359307359307358     
   18.311399711399709     
   14.664069264069266     
   13.934199134199135     
   13.934199134199135     
   13.934199134199135     
   13.934199134199135     
   13.934199134199135     
   13.934199134199135     
   13.934199134199135     
   13.934199134199135     
   13.934199134199135     
   14.664069264069266     
   19.740259740259738     
   18.528138528138527     
   18.528138528138527     
   18.528138528138527     
   18.528138528138527     
   18.528138528138527     
   18.528138528138527     
   18.528138528138527     
   18.528138528138527     
   18.528138528138527     
   19.740259740259738     
   17.508513708513711     
   16.791341991341994     
   16.791341991341994     
   16.791341991341994     
   16.791341991341994     
   16.791341991341994     
   16.791341991341994     
   16.791341991341994     
   16.791341991341994     
   16.791341991341994     
   17.508513708513711     
   16.727272727272727     
   16.060606060606062     
   16.060606060606062     
   16.060606060606062     
   16.060606060606062     
   16.060606060606062     
   16.060606060606062     
   16.060606060606062     
   16.060606060606062     
   16.060606060606062     
   16.727272727272727     
   16.666666666666664     
   16.000000000000000     
   16.000000000000000     
   16.000000000000000     
   16.000000000000000     
   16.000000000000000     
   16.000000000000000     
   16.000000000000000     
   16.000000000000000     
   16.000000000000000     
   16.666666666666664     
   16.727272727272727     
   16.060606060606062     
   16.060606060606062     
   16.060606060606062     
   16.060606060606062     
   16.060606060606062     
   16.060606060606062     
   16.060606060606062     
   16.060606060606062     
   16.060606060606062     
   16.727272727272727     
   17.508513708513711     
   16.791341991341994     
   16.791341991341994     
   16.791341991341994     
   16.791341991341994     
   16.791341991341994     
   16.791341991341994     
   16.791341991341994     
   16.791341991341994     
   16.791341991341994     
   17.508513708513711     
   19.740259740259738     
   18.528138528138527     
   18.528138528138527     
   18.528138528138527     
   18.528138528138527     
   18.528138528138527     
   18.528138528138527     
   18.528138528138527     
   18.528138528138527     
   18.528138528138527     
   19.740259740259738     
   14.664069264069264     
   13.934199134199135     
   13.934199134199135     
   13.934199134199135     
   13.934199134199135     
   13.934199134199135     
   13.934199134199135     
   13.934199134199135     
   13.934199134199135     
   13.934199134199135     
   14.664069264069264     
   17.508513708513711     
   16.791341991341994     
   16.791341991341994     
   16.791341991341994     
   16.791341991341994     
   16.791341991341994     
   16.791341991341994     
   16.791341991341994     
   16.791341991341994     
   16.791341991341994     
   17.508513708513711     
   16.666666666666664     
   16.000000000000000     
   16.000000000000000     
   16.000000000000000     
   16.000000000000000     
   16.000000000000000     
   16.000000000000000     
   16.000000000000000     
   16.000000000000000     
   16.000000000000000     
   16.666666666666664     
   16.666666666666664     
   16.000000000000000     
   16.000000000000000     
   16.000000000000000     
   16.000000000000000     
   16.000000000000000     
   16.000000000000000     
   16.000000000000000     
   16.000000000000000     
   16.000000000000000     
   16.666666666666664     
   16.666666666666664     
   16.000000000000000     
   16.000000000000000     
   16.000000000000000     
   16.000000000000000     
   16.000000000000000     
   16.000000000000000     
   16.000000000000000     
   16.000000000000000     
   16.000000000000000     
   16.666666666666664     
   16.666666666666664     
   16.000000000000000     
   16.000000000000000     
   16.000000000000000     
   16.000000000000000     
   16.000000000000000     
   16.000000000000000     
   16.000000000000000     
   16.000000000000000     
   16.000000000000000     
   16.666666666666664     
   17.508513708513711     
   16.791341991341991     
   16.791341991341991     
   16.791341991341991     
   16.791341991341991     
   16.791341991341991     
   16.791341991341991     
   16.791341991341991     
   16.791341991341991     
   16.791341991341991     
   17.508513708513711     
   14.664069264069264     
   13.934199134199135     
   13.934199134199135     
   13.934199134199135     
   13.934199134199135     
   13.934199134199135     
   13.934199134199135     
   13.934199134199135     
   13.934199134199135     
   13.934199134199135     
   14.664069264069264     
   18.311399711399709     
   17.359307359307358     
   17.359307359307358     
   17.359307359307358     
   17.359307359307358     
   17.359307359307358     
   17.359307359307358     
   17.359307359307358     
   17.359307359307358     
   17.359307359307358     
   18.311399711399709     
   16.727272727272727     
   16.060606060606062     
   16.060606060606062     
   16.060606060606062     
   16.060606060606062     
   16.060606060606062     
   16.060606060606062     
   16.060606060606062     
   16.060606060606062     
   16.060606060606062     
   16.727272727272727     
   16.666666666666664     
   16.000000000000000     
   16.000000000000000     
   16.000000000000000     
   16.000000000000000     
   16.000000000000000     
   16.000000000000000     
   16.000000000000000     
   16.000000000000000     
   16.000000000000000     
   16.666666666666664     
   16.666666666666664     
   16.000000000000000     
   16.000000000000000     
   16.000000000000000     
   16.000000000000000     
   16.000000000000000     
   16.000000000000000     
   16.000000000000000     
   16.000000000000000     
   16.000000000000000     
   16.666666666666664     
   16.666666666666664     
   16.000000000000000     
   16.000000000000000     
   16.000000000000000     
   16.000000000000000     
   16.000000000000000     
   16.000000000000000     
   16.000000000000000     
   16.000000000000000     
   16.000000000000000     
   16.666666666666664     
   16.727272727272727     
   16.060606060606062     
   16.060606060606062     
   16.060606060606062     
   16.060606060606062     
   16.060606060606062     
   16.060606060606062     
   16.060606060606062     
   16.060606060606062     
   16.060606060606062     
   16.727272727272727     
   18.311399711399709     
   17.359307359307358     
   17.359307359307358     
   17.359307359307358     
   17.359307359307358     
   17.359307359307358     
   17.359307359307358     
   17.359307359307358     
   17.359307359307358     
   17.359307359307358     
   18.311399711399709     
   14.664069264069264     
   13.934199134199135     
   13.934199134199135     
   13.934199134199135     
   13.934199134199135     
   13.934199134199135     
   13.934199134199135     
   13.934199134199135     
   13.934199134199135     
   13.934199134199135     
   14.664069264069264     
   17.508513708513711     
   16.791341991341994     
   16.791341991341994     
   16.791341991341994     
   16.791341991341994     
   16.791341991341994     
   16.791341991341994     
   16.791341991341994     
   16.791341991341994     
   16.791341991341994     
   17.508513708513711     
   16.666666666666664     
   16.000000000000000     
   16.000000000000000     
   16.000000000000000     
   16.000000000000000     
   16.000000000000000     
   16.000000000000000     
   16.000000000000000     
   16.000000000000000     
   16.000000000000000     
   16.666666666666664     
   16.666666666666664     
   16.000000000000000     
   16.000000000000000     
   16.000000000000000     
   16.000000000000000     
   16.000000000000000     
   16.000000000000000     
   16.000000000000000     
   16.000000000000000     
   16.000000000000000     
   16.666666666666664     
   16.666666666666664     
   16.000000000000000     
   16.000000000000000     
   16.000000000000000     
   16.000000000000000     
   16.000000000000000     
   16.000000000000000     
   16.000000000000000     
   16.000000000000000     
   16.000000000000000     
   16.666666666666664     
   16.666666666666664     
   16.000000000000000     
   16.000000000000000     
   16.000000000000000     
   16.000000000000000     
   16.000000000000000     
   16.000000000000000     
   16.000000000000000     
   16.000000000000000     
   16.000000000000000     
   16.666666666666664     
   17.508513708513711     
   16.791341991341991     
   16.791341991341991     
   16.791341991341991     
   16.791341991341991     
   16.791341991341991     
   16.791341991341991     
   16.791341991341991     
   16.791341991341991     
   16.791341991341991     
   17.508513708513711     
   14.664069264069264     
   13.934199134199135     
   13.934199134199135     
   13.934199134199135     
   13.934199134199135     
   13.934199134199135     
   13.934199134199135     
   13.934199134199135     
   13.934199134199135     
   13.934199134199135     
   14.664069264069264     
   18.660317460317458     
   17.523809523809522     
   17.523809523809522     
   17.523809523809522     
   17.523809523809522     
   17.523809523809522     
   17.523809523809522     
   17.523809523809522     
   17.523809523809522     
   17.523809523809522     
   18.660317460317458     
   17.508513708513707     
   16.791341991341991     
   16.791341991341991     
   16.791341991341991     
   16.791341991341991     
   16.791341991341991     
   16.791341991341991     
   16.791341991341991     
   16.791341991341991     
   16.791341991341991     
   17.508513708513707     
   16.727272727272727     
   16.060606060606062     
   16.060606060606062     
   16.060606060606062     
   16.060606060606062     
   16.060606060606062     
   16.060606060606062     
   16.060606060606062     
   16.060606060606062     
   16.060606060606062     
   16.727272727272727     
   16.666666666666664     
   16.000000000000000     
   16.000000000000000     
   16.000000000000000     
   16.000000000000000     
   16.000000000000000     
   16.000000000000000     
   16.000000000000000     
   16.000000000000000     
   16.000000000000000     
   16.666666666666664     
   16.727272727272727     
   16.060606060606062     
   16.060606060606062     
   16.060606060606062     
   16.060606060606062     
   16.060606060606062     
   16.060606060606062     
   16.060606060606062     
   16.060606060606062     
   16.060606060606062     
   16.727272727272727     
   17.508513708513707     
   16.791341991341991     
   16.791341991341991     
   16.791341991341991     
   16.791341991341991     
   16.791341991341991     
   16.791341991341991     
   16.791341991341991     
   16.791341991341991     
   16.791341991341991     
   17.508513708513707     
   18.660317460317458     
   17.523809523809522     
   17.523809523809522     
   17.523809523809522     
   17.523809523809522     
   17.523809523809522     
   17.523809523809522     
   17.523809523809522     
   17.523809523809522     
   17.523809523809522     
   18.660317460317458     
   14.664069264069266     
   13.934199134199135     
   13.934199134199135     
   13.934199134199135     
   13.934199134199135     
   13.934199134199135     
   13.934199134199135     
   13.934199134199135     
   13.934199134199135     
   13.934199134199135     
   14.664069264069266     
   18.311399711399712     
   17.359307359307358     
   17.359307359307358     
   17.359307359307358     
   17.359307359307358     
   17.359307359307358     
   17.359307359307358     
   17.359307359307358     
   17.359307359307358     
   17.359307359307358     
   18.311399711399709     
   17.508513708513707     
   16.791341991341991     
   16.791341991341991     
   16.791341991341991     
   16.791341991341991     
   16.791341991341991     
   16.791341991341991     
   16.791341991341991     
   16.791341991341991     
   16.791341991341991     
   17.508513708513707     
   17.508513708513707     
   16.791341991341991     
   16.791341991341991     
   16.791341991341991     
   16.791341991341991     
   16.791341991341991     
   16.791341991341991     
   16.791341991341991     
   16.791341991341991     
   16.791341991341991     
   17.508513708513707     
   18.311399711399709     
   17.359307359307358     
   17.359307359307358     
   17.359307359307358     
   17.359307359307358     
   17.359307359307358     
   17.359307359307358     
   17.359307359307358     
   17.359307359307358     
   17.359307359307358     
   18.311399711399712     
   14.664069264069264     
   13.934199134199135     
   13.934199134199135     
   13.934199134199135     
   13.934199134199135     
   13.934199134199135     
   13.934199134199135     
   13.934199134199135     
   13.934199134199135     
   13.934199134199135     
   14.664069264069264     
   14.664069264069266     
   13.934199134199135     
   13.934199134199135     
   13.934199134199135     
   13.934199134199135     
   13.934199134199135     
   13.934199134199135     
   13.934199134199135     
   13.934199134199135     
   13.934199134199135     
   14.664069264069266     
   19.740259740259738     
   18.528138528138527     
   18.528138528138527     
   18.528138528138527     
   18.528138528138527     
   18.528138528138527     
   18.528138528138527     
   18.528138528138527     
   18.528138528138527     
   18.528138528138527     
   19.740259740259738     
   14.664069264069264     
   13.934199134199135     
   13.934199134199135     
   13.934199134199135     
   13.934199134199135     
   13.934199134199135     
   13.934199134199135     
   13.934199134199135     
   13.934199134199135     
   13.934199134199135     
   14.664069264069264     
   13.431746031746032     
   14.422510822510823     
   14.422510822510823     
   14.422510822510823     
   14.422510822510823     
   14.422510822510823     
   14.422510822510823     
   14.422510822510823     
   14.422510822510823     
   14.422510822510823     
   14.422510822510823     
   13.431746031746032     
   13.431746031746032     
   14.422510822510823     
   14.422510822510823     
   14.422510822510823     
   14.422510822510823     
   14.422510822510823     
   14.422510822510823     
   14.422510822510823     
   14.422510822510823     
   14.422510822510823     
   14.422510822510823     
   13.431746031746032     
   12.759018759018758     
   13.861471861471863     
   13.861471861471863     
   13.861471861471863     
   13.861471861471863     
   13.861471861471863     
   13.861471861471863     
   13.861471861471863     
   13.861471861471863     
   13.861471861471863     
   13.861471861471863     
   12.759018759018758     
   16.403463203463204     
   17.359307359307358     
   17.359307359307358     
   17.359307359307358     
   17.359307359307358     
   17.359307359307358     
   17.359307359307358     
   17.359307359307358     
   17.359307359307358     
   17.359307359307358     
   17.359307359307358     
   16.403463203463204     
   17.111111111111114     
   17.340259740259739     
   17.340259740259739     
   17.340259740259739     
   17.340259740259739     
   17.340259740259739     
   17.340259740259739     
   17.340259740259739     
   17.340259740259739     
   17.340259740259739     
   17.340259740259739     
   17.111111111111114     
   16.403463203463204     
   17.359307359307358     
   17.359307359307358     
   17.359307359307358     
   17.359307359307358     
   17.359307359307358     
   17.359307359307358     
   17.359307359307358     
   17.359307359307358     
   17.359307359307358     
   17.359307359307358     
   16.403463203463204     
   12.759018759018758     
   13.861471861471863     
   13.861471861471863     
   13.861471861471863     
   13.861471861471863     
   13.861471861471863     
   13.861471861471863     
   13.861471861471863     
   13.861471861471863     
   13.861471861471863     
   13.861471861471863     
   12.759018759018758     
   10.800000000000001     
   11.054545454545455     
   11.054545454545455     
   11.054545454545455     
   11.054545454545455     
   11.054545454545455     
   11.054545454545455     
   11.054545454545455     
   11.054545454545455     
   11.054545454545455     
   11.054545454545455     
   10.800000000000001     
   17.653968253968255     
   18.422510822510823     
   18.422510822510823     
   18.422510822510823     
   18.422510822510823     
   18.422510822510823     
   18.422510822510823     
   18.422510822510823     
   18.422510822510823     
   18.422510822510823     
   18.422510822510823     
   17.653968253968255     
   16.327272727272728     
   16.718614718614717     
   16.718614718614717     
   16.718614718614717     
   16.718614718614717     
   16.718614718614717     
   16.718614718614717     
   16.718614718614717     
   16.718614718614717     
   16.718614718614717     
   16.718614718614717     
   16.327272727272728     
   15.444444444444445     
   16.060606060606062     
   16.060606060606062     
   16.060606060606062     
   16.060606060606062     
   16.060606060606062     
   16.060606060606062     
   16.060606060606062     
   16.060606060606062     
   16.060606060606062     
   16.060606060606062     
   15.444444444444445     
   15.444444444444445     
   16.060606060606062     
   16.060606060606062     
   16.060606060606062     
   16.060606060606062     
   16.060606060606062     
   16.060606060606062     
   16.060606060606062     
   16.060606060606062     
   16.060606060606062     
   16.060606060606062     
   15.444444444444445     
   16.327272727272728     
   16.718614718614717     
   16.718614718614717     
   16.718614718614717     
   16.718614718614717     
   16.718614718614717     
   16.718614718614717     
   16.718614718614717     
   16.718614718614717     
   16.718614718614717     
   16.718614718614717     
   16.327272727272728     
   17.653968253968252     
   18.422510822510823     
   18.422510822510823     
   18.422510822510823     
   18.422510822510823     
   18.422510822510823     
   18.422510822510823     
   18.422510822510823     
   18.422510822510823     
   18.422510822510823     
   18.422510822510823     
   17.653968253968252     
   10.800000000000001     
   11.054545454545455     
   11.054545454545455     
   11.054545454545455     
   11.054545454545455     
   11.054545454545455     
   11.054545454545455     
   11.054545454545455     
   11.054545454545455     
   11.054545454545455     
   11.054545454545455     
   10.800000000000001     
   17.653968253968252     
   18.422510822510823     
   18.422510822510823     
   18.422510822510823     
   18.422510822510823     
   18.422510822510823     
   18.422510822510823     
   18.422510822510823     
   18.422510822510823     
   18.422510822510823     
   18.422510822510823     
   17.653968253968252     
   15.555555555555557     
   16.121212121212121     
   16.121212121212121     
   16.121212121212121     
   16.121212121212121     
   16.121212121212121     
   16.121212121212121     
   16.121212121212121     
   16.121212121212121     
   16.121212121212121     
   16.121212121212121     
   15.555555555555557     
   15.333333333333334     
   16.000000000000000     
   16.000000000000000     
   16.000000000000000     
   16.000000000000000     
   16.000000000000000     
   16.000000000000000     
   16.000000000000000     
   16.000000000000000     
   16.000000000000000     
   16.000000000000000     
   15.333333333333334     
   15.333333333333334     
   16.000000000000000     
   16.000000000000000     
   16.000000000000000     
   16.000000000000000     
   16.000000000000000     
   16.000000000000000     
   16.000000000000000     
   16.000000000000000     
   16.000000000000000     
   16.000000000000000     
   15.333333333333334     
   15.333333333333334     
   16.000000000000000     
   16.000000000000000     
   16.000000000000000     
   16.000000000000000     
   16.000000000000000     
   16.000000000000000     
   16.000000000000000     
   16.000000000000000     
   16.000000000000000     
   16.000000000000000     
   15.333333333333334     
   15.555555555555555     
   16.121212121212121     
   16.121212121212121     
   16.121212121212121     
   16.121212121212121     
   16.121212121212121     
   16.121212121212121     
   16.121212121212121     
   16.121212121212121     
   16.121212121212121     
   16.121212121212121     
   15.555555555555555     
   17.653968253968252     
   18.422510822510823     
   18.422510822510823     
   18.422510822510823     
   18.422510822510823     
   18.422510822510823     
   18.422510822510823     
   18.422510822510823     
   18.422510822510823     
   18.422510822510823     
   18.422510822510823     
   17.653968253968252     
   12.759018759018758     
   13.861471861471863     
   13.861471861471863     
   13.861471861471863     
   13.861471861471863     
   13.861471861471863     
   13.861471861471863     
   13.861471861471863     
   13.861471861471863     
   13.861471861471863     
   13.861471861471863     
   12.759018759018758     
   16.327272727272728     
   16.718614718614717     
   16.718614718614717     
   16.718614718614717     
   16.718614718614717     
   16.718614718614717     
   16.718614718614717     
   16.718614718614717     
   16.718614718614717     
   16.718614718614717     
   16.718614718614717     
   16.327272727272728     
   15.333333333333334     
   16.000000000000000     
   16.000000000000000     
   16.000000000000000     
   16.000000000000000     
   16.000000000000000     
   16.000000000000000     
   16.000000000000000     
   16.000000000000000     
   16.000000000000000     
   16.000000000000000     
   15.333333333333334     
   15.333333333333334     
   16.000000000000000     
   16.000000000000000     
   16.000000000000000     
   16.000000000000000     
   16.000000000000000     
   16.000000000000000     
   16.000000000000000     
   16.000000000000000     
   16.000000000000000     
   16.000000000000000     
   15.333333333333334     
   15.333333333333334     
   16.000000000000000     
   16.000000000000000     
   16.000000000000000     
   16.000000000000000     
   16.000000000000000     
   16.000000000000000     
   16.000000000000000     
   16.000000000000000     
   16.000000000000000     
   16.000000000000000     
   15.333333333333334     
   15.333333333333334     
   16.000000000000000     
   16.000000000000000     
   16.000000000000000     
   16.000000000000000     
   16.000000000000000     
   16.000000000000000     
   16.000000000000000     
   16.000000000000000     
   16.000000000000000     
   16.000000000000000     
   15.333333333333334     
   16.327272727272728     
   16.718614718614720     
   16.718614718614720     
   16.718614718614720     
   16.718614718614720     
   16.718614718614720     
   16.718614718614720     
   16.718614718614720     
   16.718614718614720     
   16.718614718614720     
   16.718614718614720     
   16.327272727272728     
   12.759018759018758     
   13.861471861471863     
   13.861471861471863     
   13.861471861471863     
   13.861471861471863     
   13.861471861471863     
   13.861471861471863     
   13.861471861471863     
   13.861471861471863     
   13.861471861471863     
   13.861471861471863     
   12.759018759018758     
   16.403463203463204     
   17.359307359307358     
   17.359307359307358     
   17.359307359307358     
   17.359307359307358     
   17.359307359307358     
   17.359307359307358     
   17.359307359307358     
   17.359307359307358     
   17.359307359307358     
   17.359307359307358     
   16.403463203463204     
   15.444444444444445     
   16.060606060606062     
   16.060606060606062     
   16.060606060606062     
   16.060606060606062     
   16.060606060606062     
   16.060606060606062     
   16.060606060606062     
   16.060606060606062     
   16.060606060606062     
   16.060606060606062     
   15.444444444444445     
   15.333333333333334     
   16.000000000000000     
   16.000000000000000     
   16.000000000000000     
   16.000000000000000     
   16.000000000000000     
   16.000000000000000     
   16.000000000000000     
   16.000000000000000     
   16.000000000000000     
   16.000000000000000     
   15.333333333333334     
   15.333333333333334     
   16.000000000000000     
   16.000000000000000     
   16.000000000000000     
   16.000000000000000     
   16.000000000000000     
   16.000000000000000     
   16.000000000000000     
   16.000000000000000     
   16.000000000000000     
   16.000000000000000     
   15.333333333333334     
   15.333333333333334     
   16.000000000000000     
   16.000000000000000     
   16.000000000000000     
   16.000000000000000     
   16.000000000000000     
   16.000000000000000     
   16.000000000000000     
   16.000000000000000     
   16.000000000000000     
   16.000000000000000     
   15.333333333333334     
   15.444444444444445     
   16.060606060606062     
   16.060606060606062     
   16.060606060606062     
   16.060606060606062     
   16.060606060606062     
   16.060606060606062     
   16.060606060606062     
   16.060606060606062     
   16.060606060606062     
   16.060606060606062     
   15.444444444444445     
   16.403463203463204     
   17.359307359307358     
   17.359307359307358     
   17.359307359307358     
   17.359307359307358     
   17.359307359307358     
   17.359307359307358     
   17.359307359307358     
   17.359307359307358     
   17.359307359307358     
   17.359307359307358     
   16.403463203463204     
   13.431746031746032     
   14.422510822510823     
   14.422510822510823     
   14.422510822510823     
   14.422510822510823     
   14.422510822510823     
   14.422510822510823     
   14.422510822510823     
   14.422510822510823     
   14.422510822510823     
   14.422510822510823     
   13.431746031746032     
   17.111111111111111     
   17.340259740259739     
   17.340259740259739     
   17.340259740259739     
   17.340259740259739     
   17.340259740259739     
   17.340259740259739     
   17.340259740259739     
   17.340259740259739     
   17.340259740259739     
   17.340259740259739     
   17.111111111111111     
   15.444444444444445     
   16.060606060606062     
   16.060606060606062     
   16.060606060606062     
   16.060606060606062     
   16.060606060606062     
   16.060606060606062     
   16.060606060606062     
   16.060606060606062     
   16.060606060606062     
   16.060606060606062     
   15.444444444444445     
   15.333333333333334     
   16.000000000000000     
   16.000000000000000     
   16.000000000000000     
   16.000000000000000     
   16.000000000000000     
   16.000000000000000     
   16.000000000000000     
   16.000000000000000     
   16.000000000000000     
   16.000000000000000     
   15.333333333333334     
   15.333333333333334     
   16.000000000000000     
   16.000000000000000     
   16.000000000000000     
   16.000000000000000     
   16.000000000000000     
   16.000000000000000     
   16.000000000000000     
   16.000000000000000     
   16.000000000000000     
   16.000000000000000     
   15.333333333333334     
   15.444444444444445     
   16.060606060606062     
   16.060606060606062     
   16.060606060606062     
   16.060606060606062     
   16.060606060606062     
   16.060606060606062     
   16.060606060606062     
   16.060606060606062     
   16.060606060606062     
   16.060606060606062     
   15.444444444444445     
   17.111111111111111     
   17.340259740259739     
   17.340259740259739     
   17.340259740259739     
   17.340259740259739     
   17.340259740259739     
   17.340259740259739     
   17.340259740259739     
   17.340259740259739     
   17.340259740259739     
   17.340259740259739     
   17.111111111111111     
   13.431746031746032     
   14.422510822510823     
   14.422510822510823     
   14.422510822510823     
   14.422510822510823     
   14.422510822510823     
   14.422510822510823     
   14.422510822510823     
   14.422510822510823     
   14.422510822510823     
   14.422510822510823     
   13.431746031746032     
   13.431746031746032     
   14.422510822510823     
   14.422510822510823     
   14.422510822510823     
   14.422510822510823     
   14.422510822510823     
   14.422510822510823     
   14.422510822510823     
   14.422510822510823     
   14.422510822510823     
   14.422510822510823     
   13.431746031746032     
   16.403463203463204     
   17.359307359307358     
   17.359307359307358     
   17.359307359307358     
   17.359307359307358     
   17.359307359307358     
   17.359307359307358     
   17.359307359307358     
   17.359307359307358     
   17.359307359307358     
   17.359307359307358     
   16.403463203463204     
   16.327272727272728     
   16.718614718614717     
   16.718614718614717     
   16.718614718614717     
   16.718614718614717     
   16.718614718614717     
   16.718614718614717     
   16.718614718614717     
   16.718614718614717     
   16.718614718614717     
   16.718614718614717     
   16.327272727272728     
   15.555555555555555     
   16.121212121212121     
   16.121212121212121     
   16.121212121212121     
   16.121212121212121     
   16.121212121212121     
   16.121212121212121     
   16.121212121212121     
   16.121212121212121     
   16.121212121212121     
   16.121212121212121     
   15.555555555555555     
   16.327272727272728     
   16.718614718614720     
   16.718614718614720     
   16.718614718614720     
   16.718614718614720     
   16.718614718614720     
   16.718614718614720     
   16.718614718614720     
   16.718614718614720     
   16.718614718614720     
   16.718614718614720     
   16.327272727272728     
   16.403463203463204     
   17.359307359307358     
   17.359307359307358     
   17.359307359307358     
   17.359307359307358     
   17.359307359307358     
   17.359307359307358     
   17.359307359307358     
   17.359307359307358     
   17.359307359307358     
   17.359307359307358     
   16.403463203463204     
   13.431746031746032     
   14.422510822510823     
   14.422510822510823     
   14.422510822510823     
   14.422510822510823     
   14.422510822510823     
   14.422510822510823     
   14.422510822510823     
   14.422510822510823     
   14.422510822510823     
   14.422510822510823     
   13.431746031746032     
   12.759018759018758     
   13.861471861471863     
   13.861471861471863     
   13.861471861471863     
   13.861471861471863     
   13.861471861471863     
   13.861471861471863     
   13.861471861471863     
   13.861471861471863     
   13.861471861471863     
   13.861471861471863     
   12.759018759018758     
   17.653968253968252     
   18.422510822510823     
   18.422510822510823     
   18.422510822510823     
   18.422510822510823     
   18.422510822510823     
   18.422510822510823     
   18.422510822510823     
   18.422510822510823     
   18.422510822510823     
   18.422510822510823     
   17.653968253968252     
   17.653968253968252     
   18.422510822510823     
   18.422510822510823     
   18.422510822510823     
   18.422510822510823     
   18.422510822510823     
   18.422510822510823     
   18.422510822510823     
   18.422510822510823     
   18.422510822510823     
   18.422510822510823     
   17.653968253968252     
   12.759018759018758     
   13.861471861471863     
   13.861471861471863     
   13.861471861471863     
   13.861471861471863     
   13.861471861471863     
   13.861471861471863     
   13.861471861471863     
   13.861471861471863     
   13.861471861471863     
   13.861471861471863     
   12.759018759018758     
   10.800000000000001     
   11.054545454545455     
   11.054545454545455     
   11.054545454545455     
   11.054545454545455     
   11.054545454545455     
   11.054545454545455     
   11.054545454545455     
   11.054545454545455     
   11.054545454545455     
   11.054545454545455     
   10.800000000000001     
