   6.6666666666666670     
   10.083333333333334     
   10.083333333333334     
   6.6666666666666670     
   4.9166666666666670     
   6.4166666666666670     
   4.9166666666666670     
   4.9166666666666670     
   6.4166666666666670     
   4.9166666666666670     
   3.0833333333333335     
   3.0833333333333335     
   5.9166666666666670     
   10.583333333333334     
   11.666666666666666     
   10.583333333333334     
   5.9166666666666670     
   5.1666666666666670     
   8.0833333333333339     
   8.0833333333333339     
   5.1666666666666670     
   6.6666666666666670     
   10.083333333333334     
   10.083333333333334     
   6.6666666666666670     
   4.9166666666666670     
   6.4166666666666670     
   4.9166666666666670     
   4.9166666666666670     
   6.4166666666666670     
   4.9166666666666670     
   3.0833333333333335     
   3.0833333333333335     
   5.9166666666666670     
   10.583333333333334     
   11.666666666666666     
   10.583333333333334     
   5.9166666666666670     
   5.1666666666666670     
   8.0833333333333339     
   8.0833333333333339     
   5.1666666666666670     
   6.6666666666666670     
   10.083333333333334     
   10.083333333333334     
   6.6666666666666670     
   4.9166666666666670     
   6.4166666666666670     
   4.9166666666666670     
   4.9166666666666670     
   6.4166666666666670     
   4.9166666666666670     
   3.0833333333333335     
   3.0833333333333335     
   5.9166666666666670     
   10.583333333333334     
   11.666666666666666     
   10.583333333333334     
   5.9166666666666670     
   5.1666666666666670     
   8.0833333333333339     
   8.0833333333333339     
   5.1666666666666670     
   6.6666666666666670     
   10.083333333333334     
   10.083333333333334     
   6.6666666666666670     
   4.9166666666666670     
   6.4166666666666670     
   4.9166666666666670     
   4.9166666666666670     
   6.4166666666666670     
   4.9166666666666670     
   3.0833333333333335     
   3.0833333333333335     
   4.3333333333333330     
   9.8333333333333339     
   12.000000000000000     
   12.000000000000000     
   9.8333333333333339     
   4.3333333333333330     
   5.9166666666666670     
   10.583333333333334     
   11.666666666666666     
   10.583333333333334     
   5.9166666666666670     
   5.1666666666666670     
   8.0833333333333339     
   8.0833333333333339     
   5.1666666666666670     
   5.9166666666666670     
   10.583333333333334     
   11.666666666666666     
   10.583333333333334     
   5.9166666666666670     
   6.6666666666666670     
   10.083333333333334     
   10.083333333333334     
   6.6666666666666670     
   4.9166666666666670     
   6.4166666666666670     
   4.9166666666666670     
   5.1666666666666670     
   8.0833333333333339     
   8.0833333333333339     
   5.1666666666666670     
   4.9166666666666670     
   6.4166666666666670     
   4.9166666666666670     
   3.0833333333333335     
   3.0833333333333335     
